20
144
20
20
0
0
20
0
68
0
0
0
0
1
0
1
0
1
1
1
0
0
0
1
1
0
0
1
0
1
0
1
0
32
50
22
112
0
0
0
0
214
0
0
214
0
0
1430
1430
0
672
1430
262
57
45
393
1430
0
672
262
672
0
672
0
0
278
57
0
45
278
57
0
45
612
0
1416
1416
0
1416
339
1242
1416
0
1416
1416
0
1416
46
0
41
41
254
325
0
22
199
1416
0
1416
1416
0
1416
1416
0
1416
1416
0
1416
1416
0
1416
1416
0
1416
1416
0
1416
1416
0
1416
1416
0
1416
1416
0
1416
1416
0
1430
45
67
1430
1430
0
1430
1430
0
1430
1430
0
1430
1430
0
1430
1430
0
1430
1430
0
1430
1430
0
1430
1430
0
1430
1430
0
1430
1430
0
41
41
1430
0
0
0
82
0
0
0
0
0
122
121
115
1430
45
1430
349
1430
1430
0
1430
1430
0
1430
1430
0
843
0
41
0
0
0
0
0
0
0
0
793
0
79
1416
0
1416
1416
0
1416
255
1416
1416
0
1416
1416
0
1416
1416
0
1416
1416
0
50
1416
1416
0
1416
58
0
0
1430
1430
0
1430
1430
0
45
1430
1430
0
1430
1430
0
1430
1430
0
1430
1430
0
1430
1430
0
1430
1430
0
41
1430
1430
0
1430
1430
0
1430
41
1430
0
0
1430
0
1430
1430
0
1430
45
1430
1430
0
1430
41
1430
1430
0
0
131
266
320
1430
1430
0
1430
1430
0
1430
1241
0
0
41
0
211
1416
0
1416
1416
0
1416
1416
0
1416
1416
0
1416
1416
0
1416
981
0
1416
1416
0
45
1416
0
45
482
1430
1430
0
1430
1430
0
0
1430
1430
0
1430
187
0
0
0
41
75
37
0
41
41
329
114
259
0
41
41
45
265
33
0
49
0
86
339
0
41
52
41
37
0
41
0
41
45
0
0
30
20
215
30
20
0
0
56
423
0
41
41
265
0
0
1430
1430
0
1010
262
57
45
356
55
407
0
41
41
40
266
33
0
278
57
0
45
245
0
1416
1416
0
1416
1416
0
1416
1416
0
1416
1416
0
1416
1416
0
1416
1416
0
1416
50
1416
0
1416
0
1416
1416
0
1416
1416
0
1416
1416
0
1416
1416
0
904
1416
0
1416
45
1416
45
266
1416
0
0
68
0
1430
0
0
45
269
45
49
1430
312
1430
0
1430
1430
0
271
1430
1430
0
1430
1430
0
357
1430
1418
0
0
41
58
414
0
41
41
0
0
0
140
1416
0
1416
1416
0
1416
1416
0
1416
1416
0
1416
1416
0
1416
1416
0
45
1416
1416
0
1416
1416
0
1416
1416
0
1416
1416
0
1416
1416
0
1416
1416
0
45
273
904
1416
0
0
1416
1416
0
1416
1416
0
1416
1416
0
1416
1416
0
1039
41
0
55
405
0
41
41
41
33
230
0
45
0
0
0
0
0
0
0
273
0
0
53
415
0
215
41
41
0
54
365
0
41
41
0
0
1430
1430
0
1011
262
57
45
274
794
30
0
278
57
0
45
276
0
1416
1416
0
1416
0
45
31
1416
1416
0
1416
1416
0
1416
1416
0
1416
1416
0
1416
1416
0
1416
1416
0
275
1416
1416
0
1416
1416
0
1416
1416
0
1416
1416
0
904
1416
0
1416
1416
0
1416
55
393
0
41
220
41
20
88
46
45
166
20
20
45
45
63
0
0
40
1430
1430
0
1430
1430
0
1430
1430
0
374
41
0
0
0
0
0
339
0
0
0
0
109
0
0
0
35
20
366
20
20
85
0
0
0
0
0
0
343
0
0
1030
1460
0
1460
1298
0
1460
1460
0
1460
1460
0
1460
1108
0
1460
1460
0
1460
1460
0
1460
1108
0
1460
1460
0
1460
1460
0
1460
1108
0
1460
1460
0
1460
1228
0
1460
277
0
20
531
531
0
0
0
0
44
41
40
37
38
42
195
0
0
1460
243
0
1460
1132
0
94
0
0
0
0
0
0
0
0
93
0
0
37
0
0
0
0
531
531
531
504
504
504
0
90
0
0
0
0
321
0
0
0
0
371
0
0
0
366
0
354
342
1460
1460
0
1247
0
0
0
0
0
351
1460
504
1460
0
1460
1460
0
1035
1460
504
1460
0
1460
1460
0
1460
1460
0
1460
1460
0
1460
1460
0
1460
1460
0
1460
1460
0
560
504
1460
1460
0
1460
809
1460
0
625
504
0
0
401
263
1416
0
1416
1361
0
1416
1416
0
1416
1416
0
1416
1416
0
583
1416
0
700
47
0
41
41
297
41
1430
1430
29
1430
25
0
1460
1460
0
1460
1460
0
1460
1460
0
1460
1460
0
1460
1460
0
0
1460
1460
0
1460
1460
0
1460
1460
0
1460
0
1460
0
1460
1460
0
1460
1460
0
0
0
1183
1460
1460
0
1460
1460
0
1460
264
0
1460
1460
0
1460
1074
0
0
1229
0
1460
1460
0
1460
852
0
1460
1460
0
1460
1460
0
1460
1460
0
1460
1071
0
1460
1460
0
1460
1460
0
0
489
1460
803
1460
0
1460
1460
0
1460
1460
0
1460
1460
0
1460
1460
0
0
0
41
0
0
1460
1460
0
1460
1460
0
1460
1460
0
1460
1460
0
1460
1460
0
570
1460
1460
0
461
64
0
1416
1416
0
1399
41
0
41
297
1430
299
0
0
1460
269
0
1460
1460
0
1460
320
1460
0
0
1460
766
0
0
0
541
0
0
572
556
553
0
570
1430
564
1430
0
0
1430
618
1430
0
0
1430
1430
0
0
1430
1430
0
0
1430
1430
0
436
563
1460
1460
0
1460
1460
0
1460
1460
0
1460
1460
0
1460
1460
0
1460
1460
0
1460
1460
0
1460
1460
0
1460
1460
1460
0
1460
1460
0
1460
1460
0
1460
1460
1460
0
1460
0
1460
1460
1460
0
1460
0
1460
1460
0
1460
1460
0
1460
1460
0
84
1460
1460
0
1460
1460
0
1460
1460
0
502
1460
1460
0
1460
1460
0
67
589
0
41
41
1460
1460
0
1460
1460
0
1460
1460
0
1460
1460
0
1460
1460
0
1430
387
0
1460
425
0
0
0
0
0
0
0
1460
0
630
630
1460
630
1460
0
1460
1460
0
566
1460
1460
0
1460
1460
0
1460
1460
0
1460
80
0
1460
1460
0
1460
1460
0
1460
1460
0
1460
559
1460
0
1460
1460
0
1460
1460
0
1460
1329
0
739
41
0
0
1460
1460
0
455
1460
730
0
1460
1460
0
1460
1460
0
1460
1460
0
1460
0
1460
0
781
1460
0
1460
0
1460
1460
0
768
1460
1460
0
1460
1460
0
301
1460
1460
0
1460
1460
0
1460
1460
0
1460
1460
0
783
1460
1460
0
1460
1460
0
1460
1460
0
1460
1460
0
1460
1460
0
1460
1460
0
1460
1460
0
1460
1460
0
1460
1460
0
1189
1460
1460
0
1460
1460
0
1460
0
790
1460
0
1460
667
0
1460
1460
0
1460
1460
0
1460
1460
0
1460
1460
0
1460
1460
0
1460
1460
0
1460
1460
0
1460
1460
0
1460
97
0
0
0
0
0
0
0
0
0
0
1460
1460
0
1460
1460
0
1460
1460
0
1460
1460
0
1460
1460
0
1460
666
0
1460
1460
0
1460
1460
0
1460
1460
0
1460
197
0
1460
1460
0
1460
1460
1460
0
0
1460
0
1460
1460
1460
0
1460
0
1460
1460
1460
0
1460
0
1460
1460
1460
0
1460
0
1460
668
0
1460
1460
0
1460
669
0
1460
1460
0
1460
1460
0
566
1460
1460
0
1460
1460
1460
0
1460
1460
0
1460
1460
0
1460
904
0
1460
1460
0
1460
1460
0
1460
1088
0
1460
1460
0
1460
1460
1460
0
40
1067
1460
0
1460
1460
0
1460
1460
0
1460
696
0
792
1460
1460
0
1460
1460
0
1460
1460
0
1460
1460
0
1460
1460
0
1460
324
0
1460
1460
0
1460
1460
0
1460
1460
0
1460
1460
0
1460
1460
0
1460
1460
0
1460
1460
0
1460
1460
0
1460
1460
0
1460
295
0
1084
1460
0
1460
1460
0
773
1460
1460
0
791
1460
1460
1460
0
1460
0
1460
1460
1460
0
1460
0
1460
1460
0
1460
1460
0
1460
1460
0
1460
1460
0
1460
1460
0
1460
1460
1460
0
1460
1460
0
1460
0
1460
1460
1460
0
1460
0
1460
1460
1460
0
1460
1460
0
1460
0
1460
1460
1460
0
1460
1460
0
1460
1460
0
1460
1460
0
1460
1460
0
1460
667
0
1460
1460
0
90
0
0
0
0
1460
893
0
1460
1460
0
1460
1460
0
1460
1460
0
1460
1070
0
779
1460
0
1460
1460
0
1460
1460
0
1460
709
0
769
1460
1460
0
1460
1460
1460
0
1460
1460
0
1460
1460
0
1460
1460
0
786
1460
1460
0
1300
1460
1460
0
1460
1460
0
1460
1460
0
1460
770
1460
0
1460
1460
0
1460
1460
0
1460
1460
0
1460
0
1460
1460
0
1460
1460
0
1460
1460
0
1460
1460
0
1460
1460
0
1460
1460
0
1460
1460
0
1460
1460
0
1217
1460
1460
0
1460
1460
0
1356
773
0
0
0
0
0
0
0
0
399
400
402
1460
1460
0
1460
1460
0
1460
1460
0
1460
1460
0
1460
1460
0
1460
668
0
1460
1460
0
1460
1460
0
1460
1460
0
1460
1460
0
1460
1460
0
1460
1460
0
1460
1460
0
1460
1460
0
1460
1460
0
1460
97
0
1460
1460
0
1460
1460
0
1460
0
0
0
0
1460
0
1460
1460
0
1460
1460
1460
0
1460
0
1460
1460
620
0
1460
0
1460
1460
0
1460
1460
0
1460
1460
0
1460
1460
0
774
1460
1460
0
1460
1460
0
1460
669
0
1460
1460
0
1460
1460
0
1460
1460
0
1460
1460
0
1460
1460
0
1460
1460
0
1460
1460
0
1460
0
0
1460
462
1460
0
1460
1460
0
1460
1460
1460
0
1460
0
1460
1460
1460
0
1460
0
1460
1460
0
1008
0
0
0
0
0
0
0
0
0
1460
1460
0
1460
1460
0
1460
1460
0
1460
1460
1258
0
794
1460
0
1460
1460
0
1460
1460
0
1460
1460
0
790
1460
0
1460
1460
0
1460
0
0
1460
1460
0
1026
1460
1460
0
1460
793
0
1460
1460
0
1460
1460
0
1460
100
0
1460
0
483
1460
1460
0
1460
1460
0
548
1460
1460
0
1460
487
1460
0
1460
1460
0
1460
1460
0
1460
1460
0
1460
1460
0
1460
1460
0
1460
1460
0
1460
312
0
1460
0
1460
1460
0
1460
1460
0
1460
1460
0
790
1460
1460
0
1460
1460
0
1460
1460
0
1460
1460
0
1460
1460
0
1460
1460
0
1460
1460
0
1460
1460
1460
0
1460
1460
0
1460
1460
0
1460
1460
0
1460
1460
0
1460
164
0
30
0
20
1460
0
1460
1460
0
1460
1334
0
1460
1460
0
1232
0
1460
1106
0
0
0
0
0
1460
1460
0
1460
1460
0
605
777
790
548
780
797
1460
0
1460
1460
0
1460
1460
0
1460
1460
1460
0
1460
0
1460
1460
1460
0
1460
1460
0
1460
0
1460
1460
1460
1460
0
1058
1460
0
976
1460
656
0
1460
0
1460
1460
0
1460
1460
0
1460
1460
0
1460
1460
0
1460
884
1460
969
0
787
1460
1280
0
1460
494
0
1460
1460
0
1460
1460
0
1460
796
0
1460
1375
0
1460
1382
0
1460
0
0
1460
773
1460
0
805
1460
1460
0
1460
1460
0
1460
1460
0
1460
1460
0
0
404
1460
1460
0
1460
1460
0
1460
1460
0
1460
1460
0
1460
1460
0
1460
1460
0
1460
1460
0
1460
1460
0
1460
1460
0
1460
1460
0
1460
1460
0
1460
1460
0
1460
1460
0
1460
1460
1168
0
1460
0
1460
1460
0
1460
1460
0
1460
1460
1234
0
1460
1055
0
1460
0
1460
1460
0
1460
1460
0
1460
1460
0
1460
572
0
0
30
20
0
0
41
37
37
42
104
0
134
0
68
88
20
20
0
0
0
0
0
372
0
0
338
128
0
20
20
0
0
0
0
0
1396
1396
0
1396
1396
0
1396
1396
0
1396
1029
0
1460
1460
0
1460
1058
0
0
0
335
87
740
0
0
743
746
0
0
744
733
30
20
741
0
1430
1430
0
1126
603
610
370
1292
1460
150
0
712
384
20
0
748
1358
292
742
743
1460
1460
0
1069
1276
1460
347
0
0
0
0
0
495
495
1460
1460
0
1460
1142
0
0
35
741
724
564
743
1460
0
1460
1460
0
725
1460
1460
0
1460
1460
0
1460
1460
117
0
1276
726
745
1460
1460
0
1460
1460
0
1460
1460
0
1460
1460
0
1213
1460
1460
0
1460
1460
0
1460
1460
0
1460
1460
0
1460
1460
0
1460
667
0
1460
1460
0
1460
1197
0
0
0
0
1460
1460
0
1460
1460
0
328
725
727
1460
1460
0
1460
1460
0
842
1460
1460
0
1460
441
0
1460
730
1460
0
1460
813
0
1460
0
1460
1460
0
1460
1460
0
1460
1460
0
1460
738
1460
0
1460
1460
0
1460
1460
0
1460
1460
0
1460
1460
0
1460
1460
0
1460
741
1460
0
1232
0
0
765
1460
0
1460
0
1460
1460
0
1460
1460
0
1460
1460
0
1460
1460
0
1460
1460
0
1460
1460
0
1460
1460
0
1460
592
0
538
1192
597
1460
0
32
34
38
1460
1460
0
1460
190
0
1427
1460
147
0
1460
0
0
0
609
1460
0
0
0
298
0
0
68
88
20
20
0
0
229
861
861
0
0
0
37
888
552
38
610
85
0
37
0
525
404
532
0
1460
1460
0
1460
9
0
861
0
0
0
0
874
874
0
0
0
777
1460
1460
0
1460
730
0
0
777
315
1460
352
51
0
1460
528
854
0
78
115
29
44
535
0
0
730
53
771
0
104
1416
0
1416
1416
0
1416
1416
0
1416
1416
0
1416
1416
0
1416
1416
0
45
1416
1416
0
1416
1416
0
1416
1416
0
1416
1416
0
1416
1416
0
1416
1416
0
904
1416
0
1416
1416
0
1416
181
0
41
1460
45
41
1028
0
1460
1398
0
777
536
0
0
1460
1460
0
1460
1460
0
1460
1098
630
0
0
0
1460
1460
0
1460
988
0
1460
1460
0
1460
1140
0
0
478
88
43
1460
1460
0
761
531
1460
71
0
532
530
791
786
0
0
0
0
0
1460
218
0
1460
963
0
866
525
0
863
1460
1460
0
1460
1460
0
1460
1460
0
137
1460
547
0
1349
1460
322
0
1460
40
421
0
0
1460
1460
0
814
1032
0
261
0
32
119
20
1250
773
0
0
0
20
20
20
134
0
0
0
0
0
318
53
0
45
0
1460
1460
0
463
0
0
0
0
0
0
323
1166
0
0
359
77
31
0
38
0
90
262
1460
0
1460
1460
0
1460
76
0
460
172
0
0
39
0
1460
1460
0
1460
1460
0
1460
1460
0
1460
1460
0
1460
1460
0
0
314
1460
126
0
0
0
0
0
329
1460
1460
0
1460
1460
0
1460
1460
0
1460
1460
0
1460
1460
0
1460
1460
0
134
0
48
39
0
0
1430
1430
0
1430
1430
0
1430
1430
0
1430
1430
0
1430
566
0
1460
1460
0
1460
1460
0
1460
1460
0
1460
1460
0
1460
1460
0
1460
1460
0
1460
1460
0
663
94
40
252
0
0
46
0
0
681
0
0
540
0
0
542
0
231
0
0
0
0
0
0
474
0
474
0
0
0
40
42
0
0
0
0
0
0
0
0
353
0
353
353
0
0
0
0
0
0
353
353
353
0
0
0
0
0
0
1460
1460
0
1460
1460
0
1460
1460
0
1460
1460
0
790
1460
1460
0
1460
1460
1460
0
1460
0
1460
1460
1460
0
1460
0
1460
1460
1460
0
1460
1460
0
1460
0
1460
1460
0
1460
1460
0
1460
1460
0
1460
1460
0
1460
1460
0
1460
1460
0
1460
1460
0
1460
1460
0
1460
1460
0
1460
1460
0
1460
1460
0
1460
1460
0
1460
1460
0
353
1460
1460
0
1460
1460
0
1460
1460
0
1460
1460
0
834
0
0
179
0
0
0
728
110
36
1460
1460
1460
0
540
1460
0
1460
1460
0
1460
1460
0
1460
1460
0
353
1460
1460
0
1460
1460
0
1460
1460
0
1460
1460
1460
0
1460
0
1460
1460
1460
0
1460
0
1460
1460
0
1460
1460
0
1460
1460
1460
0
1460
0
1460
1069
1460
0
1460
1460
1460
0
1460
0
1460
1460
0
1460
1460
0
1460
1460
0
1460
1460
0
1460
1460
0
1460
1460
0
1460
1460
0
1460
1460
0
1460
1460
0
1460
1460
0
1460
112
0
43
353
0
0
372
340
0
175
0
0
168
0
0
1460
1460
0
1460
1460
0
1460
1460
0
1460
1460
0
1460
1460
1460
0
858
0
1460
1460
0
1460
1460
1460
0
1460
1460
0
1460
1460
0
1460
0
1460
1460
1460
0
835
0
42
1460
20
20
1460
0
1460
1460
0
1460
1460
0
1460
1460
0
1460
1460
0
1460
1460
0
1460
1460
1460
0
1164
1460
1460
0
1460
1460
0
1460
1460
0
1460
1460
0
1460
1460
0
565
1460
1460
0
1460
1460
0
1460
1460
0
1460
1460
0
1460
1460
0
1460
1460
0
1460
1460
0
1460
1460
0
0
0
1430
1430
0
1430
1430
0
1430
1430
0
1430
1430
0
1430
1430
0
0
0
0
0
0
0
428
0
0
0
224
0
0
224
1460
1460
0
1460
1460
0
1460
1460
0
1460
702
0
1460
37
1460
0
1460
1460
0
1460
1460
0
1460
1460
0
1460
1460
0
460
1430
1430
0
1430
1430
0
1430
1430
0
1430
1430
0
1430
517
0
0
0
0
1460
1460
0
1460
1460
0
1460
1460
0
1109
0
0
0
1460
1460
0
396
1460
314
1460
0
396
314
0
68
39
118
34
47
455
47
0
1460
1460
0
1460
1460
0
1460
1460
0
411
288
0
0
0
0
979
110
27
0
0
100
35
67
58
0
0
639
20
0
37
44
59
33
84
33
231
0
0
0
688
0
129
34
0
485
65
34
39
38
0
74
33
100
0
0
50
116
173
0
0
0
0
325
166
0
0
326
0
0
216
0
0
0
0
216
1460
1460
0
1460
1460
0
453
39
453
0
0
0
1396
1396
0
1396
1396
0
1148
0
0
1460
1460
0
1176
514
0
0
0
1460
1460
0
1176
514
0
162
162
57
640
36
0
0
258
57
0
0
0
258
57
0
71
0
0
76
0
0
0
744
1460
57
0
0
0
197
222
0
0
0
0
0
0
0
393
608
0
0
0
0
0
0
229
183
1234
0
0
0
1460
1460
0
1460
1460
0
1460
1460
0
1460
1460
0
1460
1460
0
1460
753
0
574
1
0
0
0
1
0
30
20
0
0
30
20
88
20
20
0
68
0
67
20
20
0
0
0
88
20
20
49
20
0
0
0
0
0
0
0
517
107
0
235
418
0
0
0
0
0
0
68
0
0
0
0
45
31
0
101
285
0
0
0
0
67
68
67
58
30
20
67
58
0
0
88
20
20
0
0
0
68
0
20
0
0
0
68
0
67
0
0
0
68
0
49
0
0
0
0
297
41
1430
1430
29
1430
25
0
0
41
0
0
62
0
1416
1416
0
1361
75
0
41
41
297
1430
1219
0
0
67
678
0
41
41
0
67
58
30
20
0
0
0
0
88
20
20
0
68
0
0
20
20
0
0
0
0
30
20
0
68
0
88
20
20
0
0
0
20
20
67
68
0
0
68
0
0
0
0
0
0
0
0
0
0
915
30
20
0
520
20
342
973
1417
0
1460
1460
0
1460
1460
0
1460
1460
0
1460
0
1460
1460
0
1460
1460
0
1460
1460
0
1460
1460
0
1460
1460
0
1460
366
0
20
1460
1460
0
1460
1460
0
1460
901
0
37
31
36
1052
0
0
1082
0
0
0
0
0
0
540
1460
1460
0
1460
1460
0
1460
582
0
87
0
0
0
1460
1460
0
1460
1460
0
1460
1460
0
1460
1460
0
1460
1460
0
768
0
0
81
1097
0
0
0
0
1102
1460
1460
0
60
0
0
0
0
0
0
1093
0
0
1093
1094
1096
86
0
0
0
0
0
366
0
0
0
0
356
336
0
0
349
0
0
381
1460
1460
0
0
1460
1460
0
1460
1460
0
1460
1460
0
1460
1460
0
0
0
0
0
0
354
0
0
1097
371
1460
1460
0
0
0
375
1460
1066
0
1059
1114
871
0
0
0
0
0
367
0
0
513
0
0
0
362
1047
1460
229
0
0
0
0
0
1063
364
352
0
1430
1430
0
1430
1430
0
1430
1430
0
1430
1430
0
1430
1430
0
0
0
1430
1430
0
1430
1430
0
1430
1430
0
1430
1430
0
1430
1430
0
0
0
0
1460
1017
0
1106
0
1460
1216
0
144
20
20
0
0
639
1460
337
0
0
1460
1312
154
0
0
0
0
0
0
1460
1068
1460
42
0
64
0
1322
1391
1430
1057
1430
0
1430
0
0
1430
0
1430
1430
0
1430
1430
0
1430
1430
0
1430
1430
0
1430
1058
0
1430
1430
0
0
1430
1430
0
0
602
0
0
367
1460
557
0
1070
1430
1430
0
1430
628
0
310
1460
0
1460
0
0
20
372
549
1057
0
246
1430
1430
0
1430
1061
0
1069
1460
1066
355
0
1077
1076
1069
670
42
1069
1103
0
404
890
0
0
1460
257
0
934
1460
1069
1460
0
1081
565
648
1460
491
0
1069
1069
1460
524
0
0
182
0
1069
1066
24
1460
1138
1460
0
1460
1460
0
1460
1460
0
1460
1460
0
1460
1460
0
0
0
1109
1093
1093
404
0
0
0
0
0
1107
1460
673
0
523
1460
524
0
1070
1460
1067
1066
1460
0
292
1106
1460
437
0
521
1072
0
1460
1199
0
1137
0
1460
522
523
1046
0
1109
0
0
0
230
0
0
287
1460
0
0
288
1460
0
0
1273
522
1460
119
0
1460
189
0
1107
1105
1460
1460
0
0
1460
1460
0
1460
1460
0
1460
1460
0
1136
1460
1105
1107
0
1460
735
0
815
1069
1460
1069
1460
0
1069
1163
1460
1069
1460
0
328
1069
802
68
0
0
298
0
229
1069
1460
29
0
460
0
0
0
1460
1460
0
1460
1199
0
52
1460
0
463
1460
0
1460
1460
0
1460
1460
0
1460
1460
0
1460
1460
0
0
1460
419
0
1460
1090
1460
0
1118
1460
1078
1460
0
1087
1460
1460
0
518
1113
1460
1460
0
1054
1460
1052
1342
0
32
1460
1054
1054
1460
0
706
540
56
1051
1095
0
0
1460
1460
0
1460
1460
0
1460
146
0
1460
1460
0
1460
1460
0
0
1460
1460
0
1092
1427
1460
1460
0
1460
71
0
1460
1460
0
1460
189
0
908
1054
1460
1460
0
132
927
1460
1060
1460
0
1460
1460
0
244
85
1054
1054
1054
1460
1460
0
1460
1460
0
1460
1460
0
1092
136
0
536
1054
0
1310
404
1460
1460
0
20
20
1335
1460
1460
0
1249
1460
1460
0
1259
1460
0
1310
0
1460
1384
0
1460
1414
0
1460
0
1069
1070
1067
1460
0
37
1460
1446
0
1460
1403
0
1060
1054
1054
456
46
29
0
0
251
1460
0
1460
1460
0
0
0
1460
79
0
0
1353
1460
847
0
1460
12
0
1384
1376
1376
1460
945
0
390
0
0
623
0
0
1376
622
1460
141
0
93
90
1460
786
0
1376
1387
0
287
0
0
287
0
0
1460
34
0
1063
1460
326
0
1426
1460
1054
1460
0
292
0
0
1058
1054
1460
489
0
1054
1457
1059
356
356
356
356
1358
88
20
20
32
1054
1460
149
0
1332
1460
1054
1460
0
1054
707
1060
1460
1336
0
1054
1460
528
0
1460
1460
0
1460
1054
1460
0
1460
1460
0
1460
1460
0
1460
1460
1460
0
1460
0
1460
1460
1460
0
1460
0
1460
1460
0
1460
1460
0
1460
1460
1460
0
1460
0
1460
1460
1460
0
1460
0
1460
1460
0
1460
1460
0
1460
1460
1460
0
1460
1460
0
1460
1460
0
1460
1460
0
1460
1460
0
1460
1460
0
1460
1460
0
1460
1460
0
1460
1460
0
1460
1460
0
1460
0
1460
0
1460
1460
0
1460
1460
0
1460
1460
0
1460
1460
0
1460
639
0
48
1460
1054
1460
0
70
1460
1054
1460
0
1460
1221
0
242
1460
1054
861
0
1054
1460
611
0
1054
1460
1054
1269
1460
0
542
356
356
20
1460
1460
0
1460
1460
0
1460
1460
0
1460
798
918
0
356
356
1460
1460
0
1460
1460
0
1460
1460
0
1460
1460
0
1460
1460
0
1460
1460
0
1460
1460
0
1460
1460
0
1460
725
0
1460
362
0
1069
1460
1052
1460
391
0
805
0
1054
1460
1054
1460
644
0
1060
549
0
1460
1460
0
1060
1460
1460
0
1460
1460
0
1460
1460
0
1460
1460
0
1460
1460
0
1460
924
0
356
390
1460
1460
0
1460
1460
356
0
1460
1460
0
1460
1460
0
1460
1460
0
1460
1460
0
1460
1460
0
771
1460
1460
0
1460
1460
0
1460
1460
0
1460
1460
0
1460
1460
0
0
1460
1460
0
1460
930
729
0
1460
1053
1460
0
1460
288
0
221
1056
1460
1051
1460
0
1063
1460
1460
0
1460
1460
0
1460
1460
0
1460
1460
0
1460
729
0
1460
171
0
1460
220
0
1063
1062
1460
1460
0
1460
1460
0
1460
1460
0
1460
1460
0
1460
1460
0
1460
1460
0
1460
1460
0
1460
1460
0
1460
1460
0
1460
1460
1460
0
1460
1139
0
964
0
829
833
1064
1058
1063
844
1080
30
20
0
0
0
745
1460
1460
0
1460
1460
0
1460
1460
0
1460
1154
0
979
913
1460
426
140
0
90
328
0
0
0
0
0
0
0
1460
1460
0
1460
1460
0
560
787
0
0
0
379
560
0
0
110
0
0
312
0
0
393
578
1074
229
183
1460
1460
0
1460
1460
0
1460
1460
0
1460
1460
0
1460
1460
0
1460
1244
0
88
20
20
0
68
0
0
0
20
20
0
0
0
20
20
0
0
30
20
0
68
0
0
0
0
88
20
20
20
0
0
30
20
0
68
0
88
20
20
0
0
0
20
20
67
58
0
0
0
0
0
0
0
0
0
0
0
0
20
20
66
66
88
20
20
0
20
1286
0
20
20
764
1460
0
1460
1460
0
1460
1460
0
1460
1460
0
1460
1460
0
1460
1460
0
1460
1460
0
1460
1460
0
1460
1460
0
1460
1460
0
552
377
0
1452
1452
1454
1460
17
1453
1427
1186
1186
0
1116
1436
874
0
743
1460
1460
0
1460
476
0
516
1147
0
0
0
1436
1442
1426
0
1429
1426
27
0
0
287
1460
0
287
1460
0
470
1439
1232
500
527
903
1441
1440
1445
716
1455
1079
1455
693
943
229
298
1101
0
1454
1000
404
0
1454
940
0
0
665
475
1041
231
0
404
1460
573
0
0
0
0
0
444
0
962
0
53
0
404
0
1419
0
0
0
0
675
0
0
676
0
251
1460
0
1460
1460
0
1460
77
0
287
0
0
287
0
0
0
0
380
380
380
380
380
380
1460
1460
0
1460
1460
0
1460
1460
0
1460
1460
0
1460
1460
0
1460
1460
0
1460
1460
0
1460
1460
0
1460
1460
0
1460
1460
0
1460
1460
0
1460
1460
0
1460
1460
0
1460
1460
1460
0
1460
0
1460
1460
1460
0
1460
0
1460
1460
0
1460
1460
0
1460
1460
1460
0
1460
0
1460
1460
1460
0
1460
1460
0
1460
0
1460
1460
1460
0
1460
0
1460
1460
1460
0
1460
1460
0
1460
1460
1460
0
1460
0
1460
1460
0
1460
0
1460
1460
1460
0
1460
1460
0
1460
1460
0
1460
1460
1460
0
1460
1460
0
1460
1460
0
1460
1460
1460
0
1460
0
1460
1460
1460
0
1460
0
1460
1460
1460
0
1460
0
1460
1460
1460
0
1460
0
1460
1460
1460
0
1460
0
1460
1460
0
1460
0
1460
1460
0
1460
0
1460
1460
0
1460
1460
0
1460
1460
0
1420
1460
1460
0
1460
466
0
1460
1460
0
1460
1460
0
1460
380
1460
0
1460
1460
0
1460
1460
0
0
0
1460
380
1460
1460
0
1460
1460
0
1460
1460
0
1460
20
20
0
1460
1460
0
1460
1460
0
1460
0
1011
0
1460
1460
0
1460
1460
1460
0
1460
0
1460
1460
1460
0
1460
1460
0
1460
0
1460
1460
1460
0
1247
0
1460
1460
0
1460
1460
0
1460
1460
0
1460
1460
0
1460
1460
0
1460
1460
0
1460
1460
0
1460
1460
0
665
1460
1460
0
1460
1460
0
1460
1460
0
1460
1460
0
1460
1460
1460
0
1460
1460
0
1460
1460
0
1460
1460
0
1460
1460
0
1460
1460
0
1460
1460
0
1460
1460
0
1460
1460
0
1460
1460
0
1460
1460
0
1460
1460
0
1460
1460
0
1460
1460
0
1460
1460
0
1460
1460
0
0
0
1460
1460
0
1460
1460
0
1460
1460
0
1460
1460
0
1284
1460
1460
0
1460
1460
0
92
1460
1460
0
1460
1460
0
1460
1460
0
1460
1460
0
1460
1460
0
1460
1460
0
1460
1460
0
1460
1460
0
218
431
20
0
150
0
403
836
0
0
110
312
737
0
0
183
0
20
277
20
20
88
20
20
20
20
88
20
20
20
20
30
20
20
20
20
474
20
88
157
20
20
20
20
20
20
144
20
20
20
20
20
67
20
20
70
297
41
1430
1430
29
1430
55
0
0
41
0
62
0
1416
1416
0
1399
41
0
45
41
297
1430
1406
0
0
88
20
20
66
610
0
41
41
0
20
65
56
20
20
0
0
0
20
20
0
0
88
0
20
20
0
68
0
0
20
20
0
0
1460
67
0
1
0
673
1460
0
1460
1460
0
1460
1460
0
1460
1460
0
1460
1460
0
766
1460
0
1460
1459
1460
60
1460
0
1460
11
1460
12
1460
1460
0
1460
1460
0
1460
1460
0
1460
1460
0
1460
1460
0
1460
865
1460
0
1442
0
0
1460
296
0
1460
1460
0
1460
1460
0
621
0
1460
852
0
0
1460
39
0
1240
1240
0
1460
34
1460
36
1460
22
1460
21
1460
17
0
1125
1460
13
0
0
0
0
584
0
0
736
1460
570
0
690
287
1460
0
1458
1460
26
0
0
1460
31
866
1043
1460
32
1460
29
1460
21
288
1460
0
298
382
0
0
532
466
1460
19
229
0
705
1460
19
0
0
1460
26
1460
1460
23
0
1460
0
1460
719
0
1460
1460
0
1460
1460
23
802
0
1460
12
0
1286
0
559
1460
25
0
0
1460
1353
0
0
705
734
0
0
0
486
1460
1460
0
26
1460
449
0
1460
21
1460
15
1460
22
1460
36
1460
82
748
1092
0
0
1460
1460
0
1261
1460
37
0
440
0
1460
1460
0
936
0
0
712
565
404
231
0
1460
17
1460
1109
1460
0
1460
1460
0
0
1460
67
948
1460
30
1460
24
404
0
314
0
1460
1460
0
1460
1460
0
172
404
0
0
1460
20
0
0
0
1460
1216
0
0
1460
33
0
0
0
1460
91
0
53
0
0
1460
1460
0
1089
1368
1460
14
0
728
0
599
1460
0
1460
1460
0
1460
1460
0
1460
0
1460
0
1460
1460
0
0
42
0
586
1460
0
1460
1460
0
1460
1460
0
1460
1460
0
1460
1460
0
1460
1460
0
0
0
251
1460
0
1281
1460
0
1460
257
0
1460
1460
0
1460
1460
0
1460
1460
0
866
0
0
809
0
0
810
814
287
0
0
287
0
0
0
0
0
0
434
434
434
434
434
434
1460
1460
0
1460
1460
0
1460
1460
0
1460
1460
0
1460
1460
0
1460
1460
0
1460
1460
0
1460
1460
0
1460
1460
0
1460
1460
0
1460
1460
0
1460
1460
0
1460
1460
0
1460
1460
0
1460
1460
0
1460
1460
0
1460
1460
0
1460
1460
0
1460
1460
0
1460
1460
0
1460
1460
0
1460
1460
0
1460
1460
0
1460
1460
0
1460
1460
1460
0
1460
1460
0
1460
1460
0
1460
0
1460
1460
0
1460
1460
1460
0
1460
0
1460
1460
0
1460
1460
1460
0
1460
1460
0
1460
0
1460
1460
0
1460
1460
0
1460
1460
0
1460
1460
1460
0
1460
0
1460
1460
0
1460
1460
0
1460
1460
0
1460
1460
0
1460
1460
0
1460
1460
0
1460
1460
0
1460
1460
0
1460
1460
0
1460
1460
0
1460
1460
0
1460
1460
0
1460
1460
1460
0
1460
1460
0
1460
1460
0
1460
1460
0
1460
1460
0
1460
1460
0
1460
1460
0
1460
1460
0
1460
1460
0
1460
1460
0
1460
1460
0
1460
1460
0
1460
1460
1460
0
1460
0
1460
1460
1460
0
1460
0
1460
1460
1460
0
1460
0
1460
1460
1460
0
1460
0
1460
1460
1460
0
1460
0
1460
1460
0
1460
1460
1460
0
1460
0
1460
1460
1460
0
1460
0
1460
1460
1460
0
1460
0
1460
1460
1460
0
1460
0
1460
1460
1460
1460
0
1460
1460
0
1460
1460
0
1460
1460
0
0
0
1460
1460
0
0
1460
1460
0
1460
1460
1460
0
1460
1460
0
1460
1460
0
1460
1460
0
1460
1460
0
1460
1460
0
1460
1460
0
1460
1460
0
1460
1460
0
1460
1460
1460
0
1460
1460
0
1460
1460
0
1460
1460
0
1460
1460
0
837
1460
434
1460
0
1460
1460
0
1460
1460
0
1460
1460
0
1460
0
1460
0
1460
1460
0
1460
484
0
1460
434
1460
1460
0
1460
1460
0
1460
1460
0
1460
1460
0
1460
1460
0
1460
1460
0
1460
1460
0
505
1460
0
1460
1460
0
1460
1460
0
1460
1460
0
0
434
1460
1460
0
1460
636
0
1460
1460
0
1460
1460
0
1460
964
0
434
1460
1460
0
1059
1460
1460
0
1460
1460
0
1460
1460
0
1460
1460
0
1460
1460
0
1460
1460
0
1460
1460
0
1460
1460
0
1460
1460
0
0
1005
1460
1460
0
1460
1460
0
1460
1460
0
1460
1460
0
1460
1460
0
1460
1460
0
1460
1460
0
1460
1460
0
583
1460
0
1460
0
1460
1460
0
1460
1460
0
1460
1460
0
1460
1460
0
1460
1460
0
1460
1460
0
1460
1460
0
1460
0
1266
0
1460
1460
0
1460
1460
0
1460
1460
0
1460
1460
0
1460
1460
0
1460
1460
0
1460
1460
0
1460
1460
0
1460
1460
0
1460
1460
0
1460
1460
0
1460
1460
0
1460
1460
0
1460
1460
0
1460
1460
0
1460
88
0
457
870
0
110
312
817
0
0
183
0
1274
551
0
908
485
0
30
20
155
20
364
20
144
20
20
65
56
0
0
20
0
67
58
67
68
0
0
0
0
0
67
58
67
58
0
0
30
20
0
68
0
88
20
20
0
0
0
20
20
20
30
20
88
20
20
20
20
560
183
0
30
20
530
20
272
67
20
1
0
297
41
1430
1430
29
1430
37
0
0
41
0
144
20
20
62
0
1416
1416
0
1399
41
0
41
297
1430
485
0
0
0
0
20
66
607
0
41
41
1
0
0
0
0
0
68
0
0
0
0
1
1
1
0
1
0
0
1
0
0
101
275
30
20
1
0
433
20
288
67
58
20
30
20
0
0
144
20
20
30
20
0
0
20
0
68
0
88
20
20
68
0
0
0
0
20
20
265
20
162
0
0
0
20
144
20
20
0
0
20
0
68
0
20
20
30
20
1
0
30
20
88
20
20
30
20
20
20
88
20
20
1
0
67
58
299
20
264
30
20
0
0
198
20
328
20
20
0
88
20
20
68
0
30
20
20
88
20
20
20
20
20
0
0
0
20
1
0
669
144
20
20
183
144
20
20
0
0
0
20
1
1
1
0
0
0
20
1
0
0
1
1
1
0
0
0
68
0
0
0
0
125
1
1
1
0
0
0
1
1
1
1
1
1
1
1
1
0
0
0
0
0
0
0
0
0
1
67
0
1
0
1
1
0
58
0
1
0
1
0
1
1
0
0
1
0
0
0
30
20
0
68
0
88
20
20
0
0
0
20
20
30
20
103
277
1
0
353
20
232
1
0
40
20
144
20
20
1
20
0
0
0
0
0
0
40
67
58
268
0
0
0
291
116
40
0
219
99
0
0
68
0
20
20
0
0
0
0
88
0
20
20
68
0
0
0
0
68
0
20
20
0
0
0
0
85
67
0
0
0
0
559
249
58
119
183
0
0
0
81
219
0
251
0
68
0
0
0
0
0
0
103
277
68
87
0
67
58
0
0
0
68
0
67
58
0
0
0
30
20
0
0
88
20
0
20
68
0
0
0
0
20
20
103
277
67
58
0
0
30
20
0
68
0
88
20
20
0
0
0
20
20
30
0
20
0
160
20
179
0
104
90
20
228
20
20
89
120
20
20
30
20
0
0
0
88
20
20
0
68
0
96
0
0
30
20
0
1
1
1
1
1
669
1
0
0
0
20
20
0
0
0
0
0
0
0
88
20
20
68
0
0
273
0
1
0
20
0
0
0
20
0
0
0
30
20
1
67
1
0
0
183
49
0
1
1
0
1
1
0
1
0
1
0
0
1
0
0
1
0
330
20
348
30
20
20
1
0
144
20
20
1
0
461
20
338
0
0
20
0
68
0
20
0
0
0
144
20
20
0
20
0
0
0
0
30
20
0
0
68
0
103
277
68
0
0
0
67
20
58
20
0
0
0
298
20
147
0
88
20
20
20
20
20
30
20
0
0
30
20
0
0
144
20
20
88
20
20
0
112
107
0
0
20
88
20
20
0
68
0
20
20
54
122
0
68
0
0
0
204
0
20
20
0
0
0
0
0
0
0
531
95
0
141
0
30
20
0
0
124
0
0
0
0
0
67
58
88
20
20
0
68
0
0
68
0
20
20
0
0
0
30
20
30
20
0
0
0
68
0
88
20
20
0
20
0
0
20
179
20
220
0
0
30
20
0
30
20
20
144
20
20
0
0
99
113
0
193
492
20
136
0
68
0
0
0
0
20
0
0
0
20
0
0
30
20
144
20
20
124
0
20
0
0
1
88
20
20
0
68
0
0
0
0
0
0
0
0
0
20
20
0
0
0
0
0
68
0
0
0
68
0
67
58
0
0
0
0
0
68
0
0
68
67
0
103
277
0
49
0
0
0
30
20
188
101
0
540
20
250
174
30
20
20
124
0
144
20
20
0
0
0
0
0
0
20
158
20
333
0
0
68
0
30
20
0
0
0
174
30
20
68
0
0
0
0
144
20
20
0
0
0
20
88
20
20
0
68
0
0
0
0
0
0
0
0
0
0
0
0
20
20
0
0
0
30
20
0
0
88
20
20
0
68
0
0
0
20
20
0
0
0
68
0
0
0
0
502
20
326
174
67
58
0
0
66
66
0
174
20
144
20
20
20
20
0
0
88
20
20
0
68
0
0
0
0
20
20
0
0
0
0
20
0
0
0
0
0
68
0
0
0
0
0
0
65
66
1
128
93
0
0
172
0
1
0
124
0
1
1
1
0
1
1
0
0
1
1
0
0
1
0
0
0
0
0
0
0
1
1
1
0
0
67
0
0
68
68
1
0
1
0
1
0
1
0
1
0
0
1
0
1
670
0
0
183
0
67
68
103
277
1
0
1
67
58
0
0
0
67
58
65
56
65
66
30
20
0
0
0
0
0
0
0
0
0
0
0
0
0
0
412
20
297
20
103
277
0
0
30
20
144
20
20
0
68
0
88
20
20
0
0
20
0
0
0
20
20
0
68
0
0
30
20
0
0
0
0
0
88
20
68
20
0
0
0
0
20
20
101
275
67
67
58
68
0
0
20
20
0
68
0
88
20
20
0
0
20
20
20
67
58
20
20
88
20
20
20
559
183
0
103
277
0
0
30
20
20
20
101
275
0
68
0
88
20
20
0
0
0
20
20
0
0
20
20
67
68
0
0
68
0
88
20
20
1
0
0
0
0
20
20
1
0
1
0
0
0
0
226
0
30
20
0
0
1460
1460
0
1176
161
0
126
258
0
88
68
20
20
0
34
0
20
0
0
0
91
0
0
0
212
0
1460
845
0
0
0
0
0
0
0
0
225
0
0
1460
953
0
0
0
0
758
0
0
0
0
30
20
346
1087
0
606
0
374
1460
0
15
0
0
610
646
30
20
0
0
1460
1460
0
1460
1460
0
1460
1460
0
1019
1460
1460
0
1460
1460
0
1460
1460
0
1460
1460
0
1460
1460
0
0
68
0
1032
0
0
68
0
0
0
0
0
20
20
0
0
0
88
20
20
179
20
117
20
578
20
20
20
20
88
20
20
88
20
20
20
0
0
20
20
0
68
88
0
20
20
0
0
0
20
20
0
0
30
20
20
20
0
68
0
0
0
0
88
