215
0
0
173
0
0
164
165
7
0
0
168
191
28
222
34
541
4
1
120
1
0
1
1
114
26
80
52
8
30
344
137
504
1
0
12
0
0
30
0
0
6
0
0
37
0
1
1
0
0
1
6
0
0
0
25
0
0
4
29
0
1
0
32
0
0
0
0
1
0
0
0
1
0
1
0
0
1
6
7
1
0
1
1
0
14
0
0
0
0
14
1
1
179
48
0
0
0
0
0
0
0
0
0
0
0
0
0
0
0
0
0
0
0
0
0
0
0
0
0
0
0
1
0
0
0
0
0
2
85
2
1
0
1
1
0
14
0
1
0
1
0
25
1
0
1
1
0
5
1
0
1
0
1
16
1
0
1
1
0
1
0
0
0
1
0
0
0
0
0
0
0
9
1
0
32
0
0
1
0
1
0
5
1
0
1
1
0
5
1
0
0
0
0
0
1
0
0
0
0
0
14
1
0
1
1
0
1
14
18
1
0
1
1
0
5
1
0
1
1
0
4
0
1
0
1
0
47
13
22
1
0
1
1
0
1
12
1
0
1
1
0
5
1
0
1
1
0
21
0
1
1
0
0
1
0
1
1
0
1
0
13
0
1
0
0
1
0
13
1
0
1
29
10
10
0
0
1
0
1
0
0
10
0
2
12
1
0
1
1
0
4
1
0
0
0
0
1
1
0
1
1
0
1
0
0
11
1
0
1
1
0
4
1
0
1
1
0
2
23
0
26
8
115
1
0
1
1
0
0
13
1
0
1
0
0
0
0
0
0
1
0
0
0
12
1
0
0
0
1
12
1
8
19
3
1
11
10
0
0
1
0
0
0
0
0
0
23
10
1
0
0
0
0
0
0
0
0
0
0
1
0
12
36
0
1
1
0
1
7
1
0
0
22
1
0
0
0
18
13
6
13
1
0
0
0
0
0
1
1
0
1
12
0
1
1
0
1
1
0
1
1
0
1
10
0
1
0
1
0
1
25
5
1
0
1
1
0
1
1
0
1
1
0
4
1
0
1
0
1
6
1
6
0
0
0
0
2
22
62
78
3
44
30
0
0
2
0
0
1
0
23
10
1
0
1
1
0
12
15
1
0
0
0
0
0
0
0
0
49
1
0
0
1
0
1
1
0
1
1
0
1
1
0
9
0
0
1
1
0
1
4
1
0
1
1
0
1
1
0
1
1
0
5
0
1
1
0
0
35
2
11
1
0
0
1
1
0
11
1
0
1
1
0
1
1
0
0
0
0
1
0
0
0
0
0
22
21
1
1
15
0
0
0
0
0
0
7
27
0
0
0
0
0
0
1
4
28
0
0
0
1
55
0
1
1
0
1
13
2
0
1
0
3
38
0
0
0
1
0
0
1
1
0
1
16
2
4
0
1
0
1
1
0
5
1
0
1
1
0
16
1
0
1
1
0
1
27
1
0
1
1
0
5
1
0
1
0
0
24
1
0
1
1
0
1
0
0
0
0
1
0
0
0
0
0
3
0
0
33
5
2
1
0
2
16
1
0
1
1
0
30
1
0
0
0
0
0
0
31
0
0
0
0
68
20
0
0
1
1
1
8
0
0
1
2
1
0
23
0
1
0
0
22
18
41
1
0
1
1
0
5
1
0
1
1
0
1
1
0
25
0
0
1
0
0
1
0
0
1
0
0
1
1
0
0
0
0
25
0
0
1
0
0
3
0
0
13
74
1
1
1
1
1
5
0
4
2
2
0
2
4
0
3
3
1
0
0
0
0
0
0
0
0
0
0
0
0
0
1
0
0
0
0
0
0
0
0
1
0
0
1
10
3
1
10
0
0
0
1
0
0
0
0
0
0
0
0
0
0
0
0
1
0
0
0
0
0
0
0
1
0
0
0
0
2
0
0
1
0
0
1
0
0
0
0
0
1
0
0
0
0
1
0
0
1
0
0
0
1
0
0
0
0
0
0
2
0
1
0
0
0
0
0
0
7
0
0
1
0
0
0
1
0
2
0
0
1
0
0
2
1
0
0
0
0
0
0
3
0
0
1
0
0
0
4
3
0
0
1
0
0
0
1
0
0
1
0
0
0
0
0
1
0
0
0
3
0
0
0
0
0
1
0
0
0
1
0
0
4
0
0
0
0
1
0
0
4
0
0
1
0
0
1
0
0
1
0
0
0
1
0
0
1
0
0
1
0
1
0
0
0
1
0
1
1
0
0
0
0
1
0
0
1
0
0
0
1
0
0
1
0
1
0
0
0
1
0
1
0
0
1
0
0
0
0
0
0
1
0
1
0
0
1
0
0
1
0
0
1
0
0
1
0
0
0
1
0
0
0
0
1
0
0
1
0
0
0
0
1
0
6
13
2
0
0
4
1
0
0
1
0
0
1
1
0
0
0
0
2
3
5
3
3
2
2
1
1
1
0
0
0
0
2
0
0
1
0
0
0
1
0
1
0
0
0
1
0
2
2
5
1
0
0
1
0
1
0
0
1
0
0
1
0
0
1
0
0
1
0
0
1
3
0
0
1
0
0
1
1
0
0
0
0
1
4
0
0
1
0
0
3
1
0
0
0
0
1
0
1
0
0
0
1
0
0
1
0
0
1
0
0
1
0
0
1
0
0
0
1
0
0
0
1
0
0
0
0
1
0
0
1
0
0
1
0
0
1
0
0
1
0
0
0
0
1
0
0
0
0
0
1
0
0
0
0
0
0
1
0
0
0
1
0
0
0
1
0
0
1
0
0
1
0
0
1
0
0
0
1
0
0
1
0
0
0
0
1
0
0
0
1
0
0
0
3
0
0
0
0
3
15
0
6
1
0
0
0
1
0
0
0
1
0
0
0
0
1
0
0
0
0
0
1
0
1
0
1
0
0
0
0
0
0
1
0
3
0
0
0
1
1
0
0
0
0
0
1
0
0
1
0
0
0
2
0
0
1
0
0
2
0
0
0
0
0
0
0
1
0
0
2
0
0
0
1
0
4
1
0
0
0
1
0
1
0
0
1
0
0
1
0
0
0
0
1
1
0
0
1
0
0
1
0
0
1
0
0
1
0
0
1
0
0
1
0
1
0
0
1
0
0
0
0
0
0
1
0
0
0
0
0
1
0
1
0
0
1
0
0
1
0
0
1
0
0
1
0
0
1
0
0
1
0
0
1
0
0
1
0
0
1
0
0
1
0
1
0
0
0
0
1
1
0
0
1
0
0
1
0
0
1
0
1
0
0
0
1
0
1
0
0
1
0
0
1
0
0
0
1
0
1
0
0
0
0
1
0
1
0
1
0
0
1
0
1
0
0
1
0
0
1
0
0
1
0
0
1
0
0
1
0
0
1
0
1
0
1
0
0
0
1
0
0
1
0
0
1
0
0
0
1
0
0
1
0
0
1
0
0
1
0
0
1
0
0
1
0
0
0
1
0
0
1
0
0
1
0
0
1
0
0
1
0
1
0
0
1
0
0
1
0
0
1
1
0
0
0
0
1
0
0
1
1
0
0
0
1
0
0
1
0
1
0
0
0
1
0
1
0
0
0
1
1
0
0
1
0
0
1
0
0
1
0
0
1
0
0
1
1
0
0
1
0
0
0
1
0
1
0
0
0
5
0
0
0
0
1
0
1
0
0
0
1
0
1
0
0
1
1
0
0
1
0
0
0
0
1
0
0
0
1
0
0
0
0
0
0
0
1
0
0
0
0
1
0
0
1
0
0
1
0
0
0
0
0
0
1
0
0
1
0
0
1
0
0
1
0
0
0
1
0
0
0
1
0
0
1
0
0
0
0
0
1
0
0
0
1
0
0
0
1
0
0
0
0
1
0
0
0
0
2
0
1
0
0
0
1
0
0
0
0
1
0
0
0
0
1
0
0
1
0
0
0
1
0
0
0
0
1
0
0
1
0
0
0
0
0
1
0
0
0
1
1
2
16
5
0
0
0
0
0
0
0
0
1
0
0
0
0
0
0
1
0
0
0
0
0
0
0
1
0
0
0
1
0
0
0
0
0
0
0
0
0
0
0
1
0
0
0
0
0
1
0
0
0
0
0
1
0
0
0
0
0
0
0
0
1
0
0
0
0
0
0
0
0
0
0
0
0
0
1
0
0
0
0
0
0
0
0
1
0
0
0
0
0
0
0
0
0
0
1
0
0
1
0
0
0
0
0
0
0
0
0
0
0
0
1
0
0
0
0
0
1
0
0
0
0
0
0
0
0
0
0
0
0
0
0
0
0
1
0
0
0
0
0
0
1
0
0
0
0
0
0
0
0
0
1
0
0
0
0
0
0
0
0
0
0
0
0
0
1
0
0
0
0
0
0
0
0
0
0
0
0
0
0
1
0
0
0
0
1
0
0
0
0
7
1
0
0
1
0
0
0
0
0
0
1
0
0
0
0
0
0
0
0
0
0
0
0
1
0
0
0
1
0
0
0
0
0
0
0
1
0
0
0
0
0
0
0
0
0
0
1
0
0
0
0
0
0
0
1
3
0
0
0
0
1
0
0
0
0
1
0
0
0
1
0
0
0
0
0
0
1
0
0
0
0
0
0
0
0
0
0
1
0
0
0
0
0
0
0
0
0
1
0
0
0
0
0
0
0
0
1
0
0
0
0
0
0
0
0
0
0
0
0
0
0
0
1
0
0
0
0
0
0
1
0
0
0
0
0
0
0
0
0
0
0
0
0
0
0
2
0
2
1
1
0
0
1
0
0
4
0
0
0
1
0
0
0
0
0
1
0
0
0
0
0
0
0
0
0
1
0
0
0
0
0
0
0
1
0
0
0
0
0
0
0
1
0
0
0
0
0
0
0
0
1
6
0
0
2
7
0
0
0
0
0
0
0
0
0
1
0
0
0
0
0
0
0
0
0
1
0
0
0
1
0
0
0
0
1
0
0
0
0
0
0
0
0
0
0
0
2
5
0
0
0
0
0
0
0
1
0
0
0
0
0
0
0
0
0
0
0
1
0
0
0
0
0
0
0
0
0
0
0
1
0
1
0
0
0
0
0
0
4
0
0
10
0
0
1
0
0
0
0
1
0
0
0
0
0
0
6
0
0
0
0
1
0
0
0
0
0
0
0
0
6
384
0
7
0
46
0
0
0
9
0
6
1
6
0
0
0
0
5
0
21
0
1
10
0
0
5
1
20
0
0
0
0
14
6
1
0
0
1
0
0
0
0
0
0
0
0
2
0
0
0
0
0
3
0
1
42
1
0
0
1
1
1
0
0
1
1
0
0
2
0
0
0
0
10
1
0
6
1
0
0
0
1
0
1
0
1
0
0
1
2
0
0
0
1
9
0
0
6
0
0
0
0
0
5
1
0
0
0
0
4
3
1
1
1
0
0
0
0
0
0
0
1
0
0
0
0
0
0
0
0
0
1
1
1
3
0
0
1
0
0
1
0
0
0
1
0
0
21
0
1
1
2
0
0
0
0
0
0
0
0
0
0
0
0
0
0
0
0
0
0
0
0
0
0
0
0
0
0
0
0
0
3
1
6
0
0
1
0
0
0
0
0
0
2
0
0
0
0
2
0
0
0
0
0
0
0
0
0
1
0
0
0
0
0
0
0
0
0
0
0
0
0
0
0
1
0
0
0
0
0
0
0
0
0
0
0
0
0
0
0
1
4
1
0
0
1
0
0
0
1
0
1
0
0
0
1
0
0
0
0
0
0
0
0
0
0
0
1
0
3
0
6
1
0
2
0
0
2
0
0
1
0
0
4
0
0
1
4
0
14
0
5
1
0
2
0
10
9
0
1
0
0
0
0
11
20
3
1
1
1
0
1
6
0
3
12
1
1
2
1
3
2
2
9
2
1
0
0
0
0
0
2
0
0
0
0
0
0
0
0
0
0
1
0
1
0
0
1
1
3
0
1
0
0
3
0
0
0
2
0
1
0
0
8
1
0
3
3
3
1
0
1
0
0
0
0
0
1
0
0
0
0
0
0
0
0
0
2
0
0
0
1
0
0
0
0
0
0
0
0
0
0
0
1
0
0
0
0
0
0
0
0
0
0
1
0
0
0
0
0
0
1
0
0
3
1
3
0
1
0
0
0
1
0
0
1
0
0
0
0
0
0
0
0
0
1
0
0
0
0
0
0
0
0
0
1
1
0
0
0
0
0
0
0
1
1
1
2
4
0
1
0
5
1
0
0
0
0
0
2
0
5
0
4
1
0
0
0
0
1
0
0
0
0
0
0
0
0
0
0
2
2
0
0
4
2
0
0
0
6
2
0
0
0
2
0
3
0
0
0
0
3
0
0
1
1
12
1
0
0
1
1
1
10
6
8
0
0
0
0
0
3
9
0
0
0
5
0
0
0
1
0
2
3
2
17
2
1
0
0
1
0
0
0
0
4
11
0
0
0
0
1
0
0
1
0
0
0
0
1
0
0
0
0
0
0
0
1
9
0
0
10
18
6
0
0
6
1
0
0
0
0
0
0
0
0
1
0
0
0
0
0
0
0
23
1
19
1
4
0
2
0
0
0
0
0
0
0
0
0
0
0
0
0
0
6
0
0
0
0
0
0
0
0
0
1
0
0
0
0
0
0
0
0
1
0
0
0
0
1
1
0
2
15
0
0
7
0
0
1
0
0
0
10
0
0
0
0
0
1
15
0
0
1
0
0
10
1
9
1
4
5
1
0
0
0
0
0
0
0
0
0
0
0
0
0
0
0
0
45
0
1
0
0
0
0
8
0
0
0
0
0
0
0
0
0
0
0
0
0
0
0
0
0
0
0
0
0
0
0
0
0
0
0
0
0
0
0
0
0
0
0
0
0
0
0
0
0
0
3
0
1
0
0
0
0
0
0
0
0
0
0
0
0
0
0
0
0
0
0
0
0
0
0
0
0
0
0
0
0
0
0
0
1
0
0
0
0
0
0
0
0
0
0
0
11
8
1
1
11
0
1
4
1
7
0
0
0
0
0
0
1
0
0
0
7
0
0
0
0
0
0
0
0
0
0
0
0
0
0
0
0
0
0
0
0
0
1
0
0
0
0
0
0
0
0
0
0
0
0
0
0
0
0
0
0
0
0
0
0
0
0
1
0
0
0
0
0
0
0
1
0
0
0
0
0
0
0
0
2
0
0
0
0
0
0
0
0
0
0
0
0
0
1
0
0
0
1
2
9
0
2
3
2
10
0
0
3
0
0
2
0
0
0
0
0
3
1
0
4
0
0
0
0
0
0
1
0
0
0
0
0
1
0
0
0
0
0
0
0
0
0
0
0
0
1
0
0
0
0
0
0
0
0
0
0
0
0
1
0
0
0
0
0
0
0
0
1
0
0
1
0
0
0
0
5
3
0
0
0
0
0
0
0
0
0
0
0
0
0
1
0
0
0
0
0
0
0
0
0
0
0
0
0
0
0
0
0
0
0
0
0
0
0
0
7
1
0
1
0
0
1
0
0
1
0
0
0
0
0
0
0
4
1
7
0
1
0
0
2
1
0
0
0
0
0
8
0
0
0
0
0
0
1
0
0
0
0
11
0
0
0
0
0
1
0
0
0
0
0
0
0
0
0
0
12
1
0
0
0
0
0
0
0
0
1
0
0
0
0
8
4
0
1
0
0
0
0
0
0
1
0
0
5
0
0
1
0
1
0
0
0
1
0
0
0
11
11
1
8
1
25
1
0
20
33
1
0
0
0
0
1
0
0
0
8
0
10
33
0
0
39
0
4
0
4
1
11
0
1
0
0
0
19
68
34
26
1
2
0
96
1
44
0
0
3
23
1
16
4
0
1
6
1
12
17
1
135
0
1
4
1
0
1
0
22
0
0
2
15
0
1
4
0
0
0
1
0
0
0
2
2
0
0
0
0
0
14
10
0
4
0
1
0
0
1
0
0
0
15
1
0
0
0
1
2
0
1
1
1
1
0
0
3
0
1
5
1
0
1
18
26
2
0
0
2
2
2
0
0
0
4
50
2
1
23
0
0
1
0
0
24
1
0
7
1
0
42
0
0
0
0
0
1
9
0
0
33
0
1
0
2
13
4
8
19
3
4
0
0
0
0
0
0
0
0
0
0
0
0
0
1
0
0
0
25
21
1
116
462
33
400
0
1
0
122
0
60
0
0
5
0
0
126
56
0
8
1
0
15
0
0
56
187
310
0
543
0
964
0
157
1
4
159
1
1
0
107
0
0
0
41
12
0
1
0
0
0
0
0
385
0
1674
0
23
19
15
0
638
0
349
0
31
1
652
0
80
0
1
74
0
46
1
0
71
73
0
208
0
0
25
187
0
1
32
0
2
41
233
19
0
73
0
0
0
0
0
0
29
1
0
0
0
24
0
0
1
1
0
0
0
0
1
1
0
0
23
13
147
0
0
0
0
63
229
0
115
0
1
1
113
0
55
0
0
1
1
0
170
1
0
0
1
62
0
0
1
179
3
0
7
0
0
163
0
0
8
0
232
0
62
0
73
0
0
1
74
1
0
0
0
46
1
0
4
0
46
454
0
3
172
1
0
5
0
0
0
0
0
2
1
0
0
12
17
14
0
1
8
0
0
1
0
0
0
0
1
0
0
1
0
0
0
6
0
0
33
1
0
11
1
0
32
1
2
2
1
0
1
1
1
0
1
0
1
2
26
1
0
1
1
0
1
1
0
7
0
0
3
1
1
0
1
1
0
2
1
0
1
0
0
2
1
0
0
0
0
0
1
0
0
0
0
0
0
2
0
0
0
0
0
0
0
0
0
0
0
0
0
0
14
0
0
4
2
0
0
0
0
1
0
0
0
10
0
0
8
0
0
14
1
0
0
1
1
0
1
2
0
1
0
0
1
2
0
0
0
0
0
0
1
0
0
0
0
1
1
0
0
0
0
1
1
0
0
1
1
0
0
0
0
0
1
0
0
0
0
0
1
0
0
1
0
0
0
0
0
0
0
0
0
6
1
0
0
1
0
0
1
1
0
1
0
0
1
0
0
6
2
1
2
0
1
0
0
1
0
0
1
1
0
0
1
0
0
0
4
1
1
0
0
0
1
4
0
0
0
0
4
1
0
1
0
0
3
1
1
0
0
1
2
0
0
0
1
1
1
0
0
0
0
1
2
0
1
0
0
1
2
2
0
0
1
1
0
1
1
0
1
1
0
1
1
0
1
1
0
1
1
0
0
1
3
0
4
2
2
2
9
30
0
0
2
17
2
0
0
2
0
10
2
0
0
3
0
0
2
11
2
10
21
15
2
0
0
1
0
2
1
0
0
0
2
0
0
1
2
0
14
1
26
1
2
1
31
0
0
1
1
0
1
0
0
12
0
1
1
0
0
0
1
0
0
0
0
1
0
1
15
5
1
0
0
1
1
0
13
1
0
1
1
0
7
1
0
0
0
0
12
0
36
4
10
0
0
0
0
3
0
0
1
1
0
0
1
0
0
1
0
0
0
1
0
1
0
0
2
5
2
1
0
0
1
1
0
0
0
0
2
14
0
8
1
4
1
0
1
0
0
0
1
0
0
1
2
13
1
0
1
0
0
1
1
1
1
0
1
0
1
0
1
1
0
9
1
0
1
0
2
7
0
1
0
0
1
1
0
0
1
0
1
0
1
1
0
0
0
2
3
0
0
0
0
0
0
2
3
0
0
2
6
7
3
15
4
0
1
1
0
0
1
1
0
0
0
1
1
0
0
1
0
1
0
0
0
1
0
0
1
0
0
0
3
0
0
0
1
0
0
0
1
2
0
0
1
0
1
0
0
1
0
0
0
0
0
1
1
0
1
0
0
0
1
1
0
9
27
13
0
0
0
1
0
0
0
0
1
0
0
1
0
0
0
0
1
0
0
0
0
1
0
0
0
0
0
1
0
0
0
0
1
0
3
0
0
0
0
1
0
0
0
1
0
0
0
0
0
2
0
2
0
0
1
0
0
2
1
0
0
0
0
2
1
1
13
10
1
1
0
0
0
6
16
1
0
0
0
1
0
0
1
0
0
0
0
1
0
0
0
0
1
1
1
0
1
1
0
0
0
0
0
1
0
0
1
1
1
4
3
0
1
15
2
0
0
0
1
0
1
1
4
0
0
3
11
1
0
0
0
0
0
2
1
0
2
2
0
0
1
0
0
1
0
0
0
10
1
0
0
0
1
1
0
0
1
14
5
0
1
0
0
0
12
4
0
1
3
1
0
1
1
0
1
0
0
1
0
0
1
10
0
0
2
1
2
22
0
0
1
6
1
0
0
1
1
6
0
0
1
1
1
0
0
0
0
2
12
2
0
1
17
1
0
1
1
0
1
0
5
0
1
1
0
1
1
0
1
1
1
0
13
0
1
1
1
0
5
0
1
1
0
1
1
0
1
1
1
0
1
0
1
1
1
0
1
0
1
1
0
1
1
0
1
1
1
0
1
1
0
1
1
0
1
1
0
1
1
0
1
1
0
1
1
0
1
1
0
1
1
0
1
1
0
1
0
1
0
1
1
0
1
1
0
1
1
0
1
1
0
9
0
0
0
1
1
0
0
0
1
1
6
0
1
1
0
0
1
0
1
0
0
1
0
0
0
1
1
0
1
0
1
1
3
30
8
5
0
1
1
0
1
1
0
1
0
1
0
4
0
1
1
0
1
1
0
1
1
0
1
1
0
5
1
0
1
1
0
1
1
0
1
1
0
1
1
0
1
0
0
0
1
1
0
0
0
1
0
1
0
0
1
0
0
2
1
0
0
1
0
0
1
0
0
1
0
0
1
0
0
1
0
0
1
2
0
0
0
0
3
35
1
1
0
0
2
0
0
1
0
0
1
2
0
1
1
0
1
1
0
1
1
0
0
1
1
0
1
1
0
5
1
0
1
1
0
13
1
0
0
1
1
0
2
0
1
0
1
1
0
0
1
0
0
0
1
0
1
0
0
1
0
1
0
1
1
0
1
1
0
1
3
0
1
0
0
1
0
0
2
0
0
1
1
16
0
0
1
0
0
1
0
0
1
0
0
1
1
0
0
1
0
0
1
0
0
0
1
0
3
0
0
1
0
0
2
0
0
10
0
1
0
2
0
1
4
1
6
0
0
0
1
12
7
2
0
0
0
0
0
0
0
0
0
0
6
10
0
0
0
0
4
3
0
0
1
8
13
0
10
1
1
0
1
0
0
0
6
1
0
0
1
18
0
2
0
20
0
1
20
9
3
5
2
38
6
4
0
0
0
0
0
1
1
0
0
0
0
0
0
0
0
0
0
2
1
0
0
1
0
6
4
56
0
91
1
0
1
13
65
0
4
0
159
0
0
170
2
0
362
0
0
169
225
0
2
0
447
1
0
2
0
0
159
7
0
3
0
50
172
510
0
0
42
9
0
20
0
1003
1
0
138
348
0
20
64
8
0
1
22
88
279
88
134
0
277
3
0
0
0
0
0
0
0
0
0
0
27
3
0
1
1
0
0
0
0
0
1
0
0
0
0
16
2
0
0
9
0
76
1
1
2
0
1
1
0
0
55
0
2
3
0
1
0
1
0
0
1
0
1
1
0
0
24
0
1
0
0
1
0
3
1
0
10
1
0
0
2
0
0
2
5
27
1
0
2
0
1
1
2
2
2
15
3
3
1
0
0
2
16
0
1
1
15
0
2
1
3
1
0
4
3
4
1
0
3
9
2
0
2
1
25
8
11
20
8
39
125
35
1
22
0
0
2
1
0
4
4
1
0
1
0
0
1
0
0
14
0
0
3
0
0
23
1
9
0
1
0
1
0
49
2
0
0
0
0
0
0
0
0
1
0
0
5
0
0
1
0
0
0
0
0
1
0
0
1
0
0
0
0
0
5
0
0
1
0
0
1
0
0
0
1
0
0
0
0
1
0
0
1
0
0
0
0
0
1
0
2
0
0
0
0
0
4
0
0
1
0
0
0
1
0
0
0
2
0
0
1
0
0
5
0
0
1
0
0
1
0
0
1
0
0
8
0
1
0
1
1
1
0
0
1
0
0
0
0
2
0
1
0
0
1
0
0
0
0
1
0
1
0
0
0
0
1
0
0
1
0
0
0
1
0
0
0
0
1
1
0
1
0
0
0
1
0
0
0
1
0
1
2
0
1
0
0
1
0
0
1
0
0
1
0
3
6
0
1
1
1
0
1
0
0
1
0
0
3
0
0
1
0
0
0
1
0
0
1
0
0
2
0
1
0
0
1
0
0
1
0
0
1
0
0
0
1
16
3
5
0
1
1
0
1
0
8
0
1
1
0
1
1
1
0
1
0
1
2
0
0
1
1
0
1
0
1
1
1
0
5
0
1
1
0
1
5
0
1
1
0
1
1
0
1
1
0
1
1
0
1
1
0
1
1
0
1
1
0
0
2
1
0
1
0
1
1
1
0
0
1
2
0
1
0
1
0
2
0
0
1
1
0
1
0
1
0
0
1
0
0
1
0
0
1
0
0
1
0
0
1
0
0
1
0
0
1
0
0
3
0
0
1
0
0
1
0
0
2
22
28
1
0
1
0
0
6
1
0
1
0
1
1
0
1
0
1
6
0
0
1
1
0
1
1
0
1
1
0
0
6
0
0
1
0
1
2
0
1
0
0
1
1
1
0
0
0
1
1
0
1
4
13
12
5
11
7
13
20
17
20
54
4
0
0
179
1
0
103
0
509
1
0
120
0
200
0
109
175
1
216
0
0
4
0
0
201
67
195
0
32
0
0
141
131
0
104
126
0
60
3
0
1
0
0
0
0
24
0
0
3
20
0
1
0
0
0
0
0
1
0
0
1
0
24
0
43
0
0
50
1
0
0
0
65
60
418
0
126
0
546
0
53
259
0
0
0
182
0
0
0
28
1
0
154
0
29
3
0
439
0
50
378
36
92
8
0
1
0
0
0
0
0
12
0
1
0
0
0
34
1
0
0
1
1
0
0
0
0
0
1
0
0
23
0
1
1
0
0
2
0
1
14
0
2
3
0
1
1
0
0
1
0
0
2
3
0
1
5
0
0
1
0
1
0
1
1
0
14
1
0
5
1
0
6
24
0
1
0
0
0
1
0
0
0
9
2
2
0
10
1
35
2
0
0
0
1
0
0
0
1
0
0
0
1
1
0
0
0
1
0
0
1
0
0
1
0
1
0
1
1
0
44
11
0
0
1
0
1
0
1
0
1
0
0
0
0
1
0
0
1
0
3
2
0
2
0
0
1
0
0
1
0
0
1
0
1
0
14
16
2
1
1
0
12
0
4
1
0
0
0
0
0
0
0
1
1
0
0
0
1
0
0
5
0
1
0
0
0
1
0
0
0
15
3
0
3
2
2
0
0
4
0
8
8
10
1
1
0
0
0
1
0
1
0
0
0
1
0
0
3
0
0
0
1
0
1
0
0
0
3
0
2
0
3
7
15
0
1
1
0
8
0
0
1
0
0
0
1
0
5
2
1
3
1
0
1
1
0
1
0
3
1
1
0
1
19
10
1
1
0
1
5
9
0
5
1
3
6
1
0
1
1
0
1
1
0
1
0
1
0
1
1
0
1
2
8
8
5
0
1
1
0
1
1
0
1
1
0
1
1
0
12
2
0
0
0
6
5
0
0
1
0
2
0
0
1
5
0
1
1
0
8
1
0
1
0
0
0
1
0
0
2
23
0
1
0
0
0
5
6
14
1
38
0
1
0
1
1
43
1
0
1
1
0
1
5
0
1
1
0
1
1
0
1
1
0
1
5
0
1
1
0
1
5
0
1
1
0
1
1
0
1
1
0
1
5
0
1
1
0
1
1
0
1
0
0
1
2
0
0
1
0
1
1
0
1
0
0
1
0
0
1
0
0
1
0
0
1
0
0
1
0
1
0
0
1
0
0
1
0
0
0
1
0
0
1
0
1
0
0
0
8
1
0
1
0
1
0
0
1
0
0
1
0
1
0
0
0
0
1
1
0
0
0
1
0
1
0
1
0
0
0
1
0
0
0
0
1
0
0
1
0
0
0
1
0
0
0
0
1
0
0
1
0
0
0
2
0
0
1
0
0
0
0
1
0
0
0
1
1
0
1
0
0
0
2
0
0
0
0
0
2
0
0
1
0
0
0
0
1
0
0
0
1
0
1
0
0
7
0
0
1
0
0
0
2
0
1
0
0
0
1
0
0
0
1
0
0
0
1
0
0
0
1
0
0
0
1
0
0
0
0
1
0
0
1
0
0
0
0
0
3
0
0
0
0
1
1
1
0
0
0
0
1
1
0
0
0
0
1
0
0
0
1
0
0
0
1
0
0
8
0
0
0
1
0
0
0
0
0
0
1
0
1
0
0
0
0
1
0
0
0
1
0
0
1
0
0
2
0
0
1
0
0
0
0
1
0
0
0
1
0
0
0
1
0
0
0
0
1
0
0
1
0
0
0
0
3
1
0
1
0
0
1
0
0
1
0
0
0
1
3
0
0
0
0
0
1
0
0
2
1
4
0
2
0
0
0
1
0
2
0
0
1
0
0
2
1
0
0
0
0
0
1
0
0
0
0
1
0
0
1
0
0
0
0
1
1
0
0
0
0
1
0
0
0
1
0
0
0
0
1
9
2
0
0
9
0
0
1
0
0
1
0
0
1
0
0
1
5
0
1
1
0
1
5
0
1
1
0
1
9
0
0
0
1
1
0
1
1
0
1
1
0
1
1
0
1
1
0
1
1
0
1
1
0
1
1
0
0
1
4
3
0
1
1
0
1
9
0
1
1
0
1
1
0
1
1
0
1
1
0
1
1
0
1
1
9
0
1
1
0
1
9
0
1
1
0
1
1
0
1
1
0
1
1
0
1
1
0
1
1
0
1
1
0
1
1
0
1
1
0
48
0
0
1
0
0
1
0
0
1
0
0
1
0
0
3
9
33
0
11
7
13
19
14
20
609
68
21
48
44
20
186
1
419
0
2
265
234
0
0
117
0
36
0
0
152
36
0
150
7
51
61
0
0
148
1601
0
750
0
247
0
4
0
156
0
0
10
0
0
151
1
0
11
1
0
2458
0
183
0
0
187
0
182
47
20
65
1
499
0
2
152
99
146
30
39
0
0
0
0
1
0
26
4
0
1
1
0
0
20
0
1
0
0
1
0
0
0
1
1
0
27
5
49
0
2
0
0
0
0
1
55
12
21
8
32
0
266
0
0
1
86
224
6
3
102
11
9
6
8
103
12
258
0
276
0
15
113
301
1
3
222
0
89
172
0
14
0
10
0
0
17
0
0
0
149
28
1
0
0
0
0
114
0
63
1
0
0
0
85
0
1
179
1
0
62
257
0
0
130
0
4
126
244
51
34
1
103
0
10
24
17
0
50
0
0
78
0
108
1
115
0
0
11
24
56
0
20
0
4
0
0
0
1
25
0
4
73
0
66
0
0
0
1
0
71
0
11
53
1
0
27
1
0
4
1
0
29
34
23
47
11
0
0
33
10
0
0
10
75
0
1
38
11
0
14
9
1
38
7
9
13
68
1
6
13
8
2
146
0
0
0
132
264
208
2
4
18
6
2
165
1
1
27
1
9
2
1
4
3
6
0
1
0
10
9
0
10
67
1
26
7
24
60
12
39
14
6
80
54
17
27
86
15
35
18
58
60
157
0
0
1
172
1
0
0
0
0
171
1
0
0
0
130
1
47
0
145
53
126
0
4
30
25
183
28
226
0
1
149
30
8
363
0
45
8
0
142
300
0
925
394
0
126
140
3
112
74
0
36
0
91
33
0
1300
0
11
1
186
1
16
1
0
0
0
0
127
0
67
3
0
6
0
1
0
0
117
1
50
10
31
1
0
150
13
2
1
32
20
268
0
10
0
167
28
0
8
1
188
10
0
31
0
58
0
266
55
31
226
1
1470
0
161
1
0
149
1
9
0
0
462
0
10
0
316
0
0
0
0
0
266
0
1
0
1
580
0
126
0
16
1
0
0
173
1
1
0
0
0
172
0
0
5
0
107
0
0
0
150
0
3
1
1
3
145
1
1
0
3
0
145
0
107
0
3
0
89
86
0
0
8
1
0
35
6
1
2
0
41
13
8
0
12
2
10
8
28
4
1
1
1
6
5
0
0
3
1
5
4
0
0
1
0
13
24
0
67
49
0
1
0
0
2
28
1
0
147
0
71
4
6
36
10
0
19
2
13
45
2
7
20
20
3
3
17
2
0
3
42
4
19
41
118
1
3
186
0
95
144
23
36
0
0
71
42
12
0
4
44
0
4
165
0
50
4
131
0
0
94
0
0
77
69
0
0
19
0
5
0
121
92
1
0
85
0
29
45
1
0
58
0
0
1
2
1
0
64
0
4
28
63
0
0
162
0
28
122
0
4
0
78
1
2
0
13
0
0
53
1
0
5
0
4
97
0
0
13
0
0
11
4
1
19
0
9
0
95
1
29
0
21
8
0
0
0
23
1
0
74
67
0
0
238
3
124
0
119
423
0
5
0
32
0
140
0
0
0
33
1
11
1
0
13
1
0
63
31
50
62
0
21
0
0
97
0
62
0
2
0
162
0
0
23
0
0
176
0
11
1
0
62
0
3
161
1
113
0
14
106
0
53
54
0
0
30
0
4
3
141
0
23
1
3
24
0
1
76
12
0
6
106
0
0
49
187
0
2
0
32
1
0
58
0
76
2
0
0
1
0
0
0
0
1
47
0
1
0
0
7
0
66
52
0
0
0
0
2
31
0
0
26
0
1
51
5
0
49
0
24
0
0
1
51
21
1
0
0
38
0
42
1
121
1
0
120
0
76
4
179
221
0
4
84
112
0
39
123
0
139
0
0
40
0
5
0
77
0
0
74
0
4
30
14
0
50
56
51
105
0
0
82
5
0
9
3
0
23
24
43
1
0
49
3
0
0
36
0
1
13
1
0
5
131
0
0
0
1
0
0
0
0
0
30
0
17
0
0
11
1
5
0
59
0
0
4
2
0
0
0
56
0
4
0
0
71
2
0
1
55
145
0
4
186
46
0
345
0
55
65
30
459
236
85
0
0
383
0
2
0
177
0
0
12
3
0
50
0
0
117
1
15
21
4
0
616
11
0
129
0
11
26
49
16
0
0
72
79
188
0
3
7
2
27
146
0
183
18
48
70
0
37
26
18
2
10
6
5
3
24
8
6
1
3
25
0
5
12
5
8
0
25
14
9
2
38
7
10
99
36
84
40
10
11
23
19
1
2
38
1
4
36
40
41
16
18
6
35
5
21
52
0
587
0
36
43
69
5
0
39
497
0
366
0
11
1
936
0
1157
0
304
0
0
0
0
0
0
45
66
5
0
0
1
0
59
0
1
304
67
0
70
0
1
0
74
0
0
85
10
0
1
0
0
80
0
3
94
0
1
3
1
76
132
6
0
7
0
1
0
0
178
1
3
0
0
0
0
180
0
0
1
0
377
0
376
28
0
20
234
0
16
0
176
0
0
144
0
0
13
0
287
540
0
231
0
43
1
90
0
0
91
286
45
25
95
0
28
1
0
0
34
0
46
0
81
3
0
1
0
0
158
0
0
8
1
172
0
1
0
2
0
170
0
0
0
0
1
0
187
22
22
0
0
4
1
203
26
8
35
39
21
1
0
30
1
0
1
0
4
2
0
0
0
0
3
26
11
0
1
0
0
0
13
26
10
1
0
0
81
2
42
0
0
47
0
1
0
0
0
0
15
27
20
0
0
42
0
1
0
0
0
0
0
6
43
24
117
1
2
0
24
0
0
6
24
45
2
0
0
11
0
1
1
8
0
14
3
1
1
0
0
2
0
0
1
0
0
8
1
0
0
2
0
0
0
0
1
0
0
0
0
0
21
0
0
2
11
40
0
1
2
27
1
0
120
0
18
2
0
102
0
0
94
0
4
208
6
0
0
17
0
48
0
0
147
1
1
14
235
0
3
0
170
0
0
0
0
0
173
1
0
9
0
54
0
6
0
80
0
91
0
0
170
0
0
447
