50
24
301
23
300
133
316
272
272
272
272
281
281
281
281
336
336
336
336
346
346
346
346
34
50
23
24
68
27
0
0
32
40
35
38
112
0
0
0
0
0
0
143
0
51
54
0
0
0
0
207
41
0
0
214
0
0
125
0
0
0
0
214
0
0
203
0
0
1430
1430
0
672
262
57
45
57
0
393
0
1430
1430
0
672
1360
1360
0
1048
0
0
168
310
262
0
1460
1460
0
672
0
50
0
0
278
57
0
45
278
57
0
45
0
0
0
0
206
1460
0
1117
0
614
1416
0
326
1460
70
1416
23
1416
0
1416
1416
0
343
1416
1416
0
1249
41
0
41
1460
254
325
1460
0
1460
1
0
43
314
0
430
38
0
1460
0
1460
0
1460
0
1154
0
0
0
197
1416
0
358
1416
1416
0
1416
1416
0
1416
1416
0
1416
1416
0
1416
1416
0
1416
1416
0
1416
1416
0
1416
45
1416
1416
0
1416
1416
0
1416
1416
0
1416
904
0
1416
1416
0
1416
1416
0
1416
1416
0
1416
59
0
549
0
0
1460
1
0
47
419
314
202
360
0
0
1430
1430
0
1430
1430
0
23
1430
1430
0
1430
1430
0
1430
1430
0
1430
45
41
1430
131
1430
1430
0
1430
1430
0
1430
1430
0
1430
309
1430
269
1430
54
0
0
0
41
0
705
41
0
91
0
0
0
50
0
1429
203
47
244
52
266
901
72
122
115
295
0
0
0
0
0
0
0
0
61
1416
0
1416
1416
0
1416
1416
0
1416
1416
0
1416
857
0
41
77
0
41
1416
50
1416
0
1416
1416
0
668
41
0
45
41
0
0
0
423
0
0
79
1416
0
1416
1416
0
1416
1416
0
1416
1416
0
1416
1416
0
1416
1416
0
521
1416
0
1416
1416
0
1416
1416
0
1416
1416
0
1416
1416
0
1416
1416
0
1164
1416
0
45
1416
1416
0
1416
1416
0
1416
1416
0
1006
41
0
41
1460
0
1117
0
80
501
0
0
218
0
0
0
0
326
47
1365
0
636
69
39
0
1430
1430
0
1430
1430
0
1430
1430
0
1430
1430
0
41
1430
1430
0
1430
1430
0
131
1430
1430
0
218
0
501
0
1430
1430
0
1430
1430
0
1430
45
1430
1430
0
1430
1430
0
1430
1430
0
1430
1430
0
1430
1430
0
1430
1430
0
1430
1430
0
1430
1430
0
1430
1430
0
1430
1430
0
0
0
0
0
0
0
0
0
0
0
1460
0
1430
1430
0
1430
45
1430
1430
0
0
0
0
262
1430
1430
0
1430
0
0
1430
0
1430
1430
0
1430
226
0
0
59
0
41
92
41
0
1460
6
0
1460
166
0
549
0
389
0
33
1429
493
42
0
0
0
117
259
0
41
0
0
41
0
0
0
631
0
0
0
0
0
0
0
49
0
0
175
501
0
0
1365
316
56
33
0
52
37
0
41
41
0
0
215
1460
1460
0
0
0
0
0
49
1360
0
562
0
931
0
0
0
0
0
215
1430
1430
0
1011
1460
1
0
314
262
57
45
356
389
0
0
0
453
0
0
1360
1360
0
1360
1360
0
1360
1360
0
1360
1360
0
1360
698
0
0
0
0
0
203
1430
1430
0
1009
278
57
0
262
57
45
492
45
246
0
1416
1416
0
1416
1416
0
1416
1416
0
1416
1416
0
1416
1416
0
1416
1416
0
1416
1416
0
1416
133
0
0
0
0
0
0
0
0
0
0
1416
0
1416
1416
1416
1416
1416
1416
1416
904
1416
1416
1416
1416
0
47
1009
0
266
901
72
1430
316
272
272
281
281
336
336
346
346
50
0
0
0
1460
0
1117
0
326
856
1430
1430
1430
1430
0
0
1430
1430
1430
1430
1430
1418
0
278
0
57
45
276
1416
1416
1416
1416
1416
1416
1416
1416
1416
1416
1416
1416
1416
0
0
0
0
1416
1416
1416
1416
1416
1416
1416
1416
1416
1416
904
1416
1416
1416
1416
0
0
0
0
0
0
0
0
0
0
0
0
244
68
0
132
68
0
68
0
0
0
0
0
59
0
0
1460
6
90
0
0
0
0
0
277
0
0
56
87
0
0
453
0
0
1030
59
0
0
0
1360
1360
0
1360
1360
0
1360
118
0
48
254
47
257
56
174
310
57
0
1360
1085
0
40
50
22
272
272
281
281
336
336
346
346
0
253
56
50
46
22
174
30
31
50
276
46
63
56
255
59
0
133
316
0
0
50
50
50
28
0
28
28
1343
0
0
517
41
0
0
339
0
156
187
57
45
533
0
0
57
45
0
0
223
76
0
0
109
0
0
47
41
0
41
0
35
0
281
0
56
0
85
0
0
0
0
343
0
0
28
28
28
0
0
190
59
1029
1460
0
1460
1460
0
174
50
1460
1460
0
1460
1460
0
1460
0
1460
1460
0
1460
1460
0
1460
1460
0
1460
1460
0
1460
531
0
0
0
0
44
41
1460
0
1460
1460
0
40
1460
1460
0
1460
1460
0
1460
225
0
0
1132
531
42
0
0
0
0
0
1460
0
0
0
0
531
531
531
504
1110
0
160
0
504
37
50
50
50
120
0
0
38
0
0
0
0
0
0
0
372
1460
1460
1460
0
242
0
504
1460
0
1460
0
0
0
557
1460
504
0
1460
1460
0
1460
1039
0
504
1460
1460
0
1249
1460
504
0
1460
0
1460
1460
0
625
504
1460
1460
0
1460
1460
0
1460
1460
0
1460
1460
0
1460
1460
0
0
0
0
0
0
0
0
371
0
366
0
0
93
354
87
342
0
90
351
0
42
0
37
0
0
33
294
56
272
272
272
281
272
281
281
336
281
336
336
346
336
346
346
346
0
1460
1460
0
1460
1058
0
808
1460
0
0
0
0
321
1460
0
1460
0
1460
0
1249
0
504
1460
0
1460
0
1460
0
1460
0
1460
1460
0
1460
1460
0
0
504
1460
504
1460
0
1460
266
0
803
1460
489
0
0
1460
0
1460
1460
0
1460
0
1460
0
0
0
0
0
495
0
495
0
0
0
0
0
1460
1460
0
1460
1460
1460
0
1460
1460
0
0
0
0
1460
853
0
1074
0
1184
1229
0
1460
1073
144
0
134
0
0
150
0
75
0
59
0
37
0
401
0
0
0
1460
1436
0
1460
1460
0
1460
1460
0
1460
1460
0
1460
1460
0
0
0
1460
0
0
0
0
174
50
50
50
40
1460
1460
0
1460
1460
0
1460
1460
0
1460
0
1460
0
0
0
1460
1460
0
1460
1460
0
1460
272
0
0
0
0
0
0
609
1460
0
609
1460
0
1460
1460
0
1460
1460
0
1460
1460
0
1460
1460
0
1460
1460
0
594
1460
487
0
0
0
0
0
0
338
335
1460
1460
0
1460
1460
0
1460
1460
0
1460
1460
0
1460
1460
0
0
0
157
215
0
0
0
0
0
0
191
0
298
0
0
42
619
650
634
631
648
642
618
0
0
0
370
0
684
0
0
1396
1396
0
1396
37
38
1396
0
1396
1396
0
1396
1036
0
220
0
0
1430
1430
0
1126
72
1460
1460
0
1460
1460
0
1460
766
0
0
0
630
1430
1430
0
603
1011
0
438
0
1460
1460
0
262
57
45
628
596
1460
1460
0
1460
1460
0
0
1460
1460
0
0
0
1460
1460
0
1460
1460
0
1460
1460
0
1460
1460
0
1460
1460
0
1460
1460
0
1460
1460
0
1460
1460
0
1460
1460
0
1460
1460
0
1460
1460
0
1460
1460
0
1460
1460
0
1460
1460
0
1460
1460
0
1460
1460
0
1460
1460
0
0
0
182
215
0
1460
46
1460
0
1460
1460
0
1460
1460
0
1460
1460
0
1460
1460
0
1460
1460
0
1189
0
0
0
0
0
630
1460
425
0
0
564
1460
0
1460
602
610
1460
0
1460
1460
0
1460
1460
0
1460
242
134
527
0
32
0
34
1011
0
269
0
0
56
1460
0
1460
0
0
0
318
1460
0
1460
0
0
1460
1460
0
1460
1460
0
38
50
28
50
28
0
1460
1460
0
1460
1460
0
1460
1460
0
1460
1460
0
1460
1460
0
1460
1460
0
1460
1460
1460
0
1460
0
1460
1460
0
1232
1460
1460
0
1460
1460
0
1460
1460
0
1460
1460
0
1460
1460
0
1460
1460
0
1460
596
1460
1460
0
1460
0
1460
971
0
1460
1460
0
0
0
0
0
0
320
278
1460
349
0
57
0
45
0
1460
566
1460
0
1460
85
1460
0
594
1460
1460
0
0
1460
1460
0
1460
1460
1460
0
1460
1460
0
1460
0
1460
1460
0
1460
1460
0
1460
0
1460
1460
0
1460
0
1460
1460
1460
0
303
597
1460
84
0
1460
0
1460
1460
0
597
0
0
0
0
0
0
0
0
0
1430
1430
0
1007
0
1460
1460
0
1460
1460
0
126
57
45
437
1430
1430
29
1389
1460
1460
0
1460
1460
0
1213
0
0
174
115
1460
50
323
0
28
29
1460
1460
0
119
0
1460
1460
593
1460
0
463
0
0
64
360
35
1416
0
1416
1416
0
1416
1416
0
1416
1416
0
1416
1233
0
711
1416
0
700
47
0
41
0
41
54
108
50
0
0
40
0
49
1460
1460
0
1460
1460
0
315
1460
688
0
0
0
1430
566
1430
0
0
1430
0
1430
0
1430
1430
0
1430
1430
0
1430
0
1430
0
1460
1460
0
1460
1460
0
1460
1460
0
1460
1460
0
1460
1460
0
1460
0
456
0
613
566
1460
152
0
1460
1142
0
633
1460
631
1460
0
1460
1460
0
1460
1460
0
1460
905
0
712
0
0
1277
0
246
57
0
45
0
0
0
0
0
352
797
1460
612
1460
0
1460
1460
0
40
1460
1460
0
1460
1460
0
0
1460
1460
0
1460
1460
0
1460
1460
0
1460
1460
0
1460
1460
0
77
0
293
0
43
1416
1416
0
1416
1416
0
1416
1416
0
1416
1416
0
1233
1416
0
1416
1416
0
1416
1105
0
41
0
0
85
41
0
44
297
1430
299
1430
387
0
1460
1460
0
1460
1460
0
1460
1460
0
1460
1460
0
1460
1460
0
1460
667
0
1460
1460
0
1460
1460
0
1067
0
186
1416
0
1416
1416
0
1416
1416
0
1416
1416
0
1416
1416
0
1416
1416
0
1416
1416
0
45
1416
1416
0
1416
1416
0
1416
1416
0
1416
1416
0
1416
1460
1460
0
1460
1460
0
1460
1460
0
0
1460
394
0
1460
1460
71
0
1460
0
1460
0
0
1460
0
1460
1460
0
1460
1460
0
1460
1460
90
0
28
28
0
32
0
0
0
0
0
1291
479
1358
1460
1114
1131
1460
0
1460
1460
0
292
1193
0
0
584
0
0
0
0
0
0
0
0
0
0
1133
1460
1129
1460
0
0
1460
1460
0
1460
1460
0
1460
1460
0
1460
1460
0
1460
1460
0
147
74
0
0
0
31
251
39
1460
0
1460
1460
0
1460
72
589
41
0
41
0
253
56
0
1430
1430
0
1430
1430
0
0
1430
1056
0
0
0
41
0
0
41
0
0
0
1460
1460
0
1460
1460
1460
0
1460
1280
0
523
0
0
0
0
0
1460
802
1460
803
1460
0
1460
1460
0
1460
1460
0
563
844
0
0
0
399
0
0
462
0
0
402
0
0
462
1460
844
1460
0
0
1460
88
1460
0
412
1460
1460
0
804
1460
1460
0
1460
1460
0
1460
1460
0
1460
1460
0
1460
1460
0
1460
1460
0
1460
28
1460
0
1460
1460
0
1460
1460
0
0
0
329
1460
1460
0
1460
1460
0
1460
1460
0
1460
1460
0
663
89
0
81
0
0
397
40
0
32
0
48
1460
1460
0
0
1460
1460
0
1460
1460
0
842
842
1460
812
0
865
0
0
0
0
1460
1460
0
0
1460
0
1460
0
1460
1460
0
0
0
1049
1460
1460
0
861
1460
793
0
1460
1460
0
859
1028
1460
1460
0
548
1460
0
1460
0
1460
1460
0
390
1460
487
1460
0
1460
1460
0
40
1460
676
0
50
0
0
1460
34
0
1460
0
548
1460
1460
0
1460
1460
0
1460
1460
1460
0
1460
1460
0
731
0
1460
1460
0
846
1460
1460
0
1341
0
0
1430
1430
0
1430
861
1430
0
1430
1430
0
1430
1430
0
1430
566
0
1460
1460
0
1460
1460
0
1460
1460
0
0
1460
1460
0
0
0
1460
1460
0
1100
90
48
46
42
1460
1460
0
797
1460
1460
0
1460
1460
0
1460
1460
0
1460
1460
0
1460
0
1460
0
0
0
1460
1460
1460
0
1460
0
1460
1460
0
1460
1460
0
1460
1460
0
1460
0
1460
0
133
1460
1460
0
1460
1460
0
1460
1460
0
1460
1460
1460
0
1460
0
1460
1460
0
1460
1460
0
1059
1460
1460
0
1460
50
658
153
0
1460
0
0
797
1460
0
1460
50
1460
0
934
0
0
797
125
0
316
1460
1460
0
1460
1460
0
1460
1460
0
1460
1460
0
1460
1330
0
1460
1460
0
1460
868
1460
0
1460
1460
0
1460
1460
0
1460
1460
0
1460
1460
0
0
1460
1090
0
1460
1460
0
1171
0
151
870
0
797
0
144
0
0
0
1460
1460
0
1460
1460
0
1460
0
1460
0
1460
1460
0
1460
1460
0
1460
1460
0
1460
1460
0
1460
1460
0
1460
1460
0
1460
1460
0
0
0
1460
1460
0
0
0
428
1460
1460
0
1460
1460
0
1460
1460
0
0
0
1460
1460
0
1449
1460
810
432
0
0
1379
0
0
810
1460
1460
0
810
851
1460
1460
0
1460
1460
0
1460
1460
0
1460
1460
0
1460
1460
0
1460
1460
0
1460
1460
0
1460
1460
0
1460
1460
0
1460
1460
0
1460
1460
0
1460
1460
0
1460
1460
0
1460
1460
0
0
0
1460
1460
0
1460
1460
0
800
1460
1072
0
0
0
0
0
0
0
810
224
224
340
1360
1360
0
869
50
1048
310
1460
1460
0
1460
1460
0
1460
1460
0
1460
1460
0
0
0
1460
1460
0
1460
1460
0
1460
1460
386
0
1460
1460
0
1460
843
0
1460
1460
0
0
0
1460
1460
0
1460
990
0
1460
1460
0
1460
1460
0
1460
1460
0
1460
1460
0
0
1460
1460
0
1460
1460
0
1460
1460
0
1460
1460
0
1303
760
0
1460
1460
1460
0
1460
0
1460
295
0
1460
1460
0
1460
1460
0
1460
1460
0
1460
1460
0
1460
525
1460
0
532
1460
857
1460
0
528
1460
847
1460
0
1460
1460
0
815
1460
535
1460
0
1460
0
1460
0
1460
1460
0
1460
1460
0
1460
1460
0
1460
1460
0
1460
1460
0
1460
1460
0
1460
1460
0
1460
1460
0
1460
1460
0
1460
1460
0
0
0
0
1460
1460
0
396
314
1460
1460
0
396
0
314
1430
1430
0
0
1430
1430
0
1430
1430
0
1430
1430
0
1430
1430
0
1460
1460
0
1460
1460
0
1460
1460
0
1460
1460
0
1460
1460
0
1460
1460
0
1460
1460
0
1460
1460
0
1460
1460
0
1460
51
0
1460
536
1460
0
1460
1460
0
1460
1460
0
1460
1460
0
1460
1460
0
1460
1460
0
1460
1460
0
1460
856
0
1460
1028
0
531
1460
532
1460
0
1460
1460
0
1460
1460
0
1460
1460
0
1460
1460
0
1460
1460
0
1460
1460
0
1460
1460
0
1460
1460
0
1460
1399
0
1460
1460
0
530
1460
1460
0
1460
1460
0
1460
1460
0
1460
1460
0
1460
1460
0
1460
1460
0
1460
1460
0
1460
1460
0
1460
1460
0
1460
1460
0
1460
1460
0
1460
1460
1460
0
1460
1317
0
312
0
47
47
1430
1430
455
0
1430
1430
0
43
864
1430
1430
0
1430
1430
0
1430
517
0
848
1460
1460
0
1460
1460
0
1460
1460
0
1460
1460
0
0
1460
1460
0
1460
1460
0
1460
1375
0
1460
1460
0
1460
1460
851
0
1460
1460
0
1460
1460
0
1460
219
0
1460
610
1460
0
1460
1460
0
1460
1460
0
1350
1460
547
0
37
1460
1460
0
0
1460
38
1460
0
1460
1460
0
1460
1460
0
1460
322
0
1460
1460
0
1460
1460
0
1460
1460
0
1460
1460
0
1460
1460
0
1460
1460
0
1460
1460
0
1460
1460
0
1460
1460
0
1460
1460
0
1460
1460
0
1460
1460
0
1460
1460
0
1460
0
1460
0
1460
1460
0
1460
1460
0
1460
1460
0
1460
1460
0
1460
1460
0
1460
1460
0
1460
1460
0
1460
1460
0
1460
1460
0
411
430
38
1460
1460
0
1460
1460
0
1460
1460
0
1460
1460
0
1460
1260
0
1460
851
1460
0
1460
1460
0
1460
1460
0
1460
1460
0
1460
1460
0
1460
1027
0
1460
1460
0
719
864
872
868
1460
1460
0
1460
1460
0
1460
1460
0
1460
1460
0
1460
1460
0
1460
1460
0
45
1460
1460
1460
0
1460
0
1460
1460
0
1460
1460
53
0
252
0
0
0
0
1460
1460
0
1460
1460
0
1460
1460
0
1460
1460
0
1460
0
427
1460
0
1460
1460
0
1460
1460
0
1460
1460
0
1460
1460
0
1460
1460
0
1460
1460
0
1460
1460
0
1460
1460
0
1460
1460
0
1460
1460
0
1460
1402
0
1460
1460
0
1460
1106
0
1460
1460
0
607
0
0
0
0
541
542
868
1460
858
875
865
1460
0
1460
1460
0
1460
1460
0
1460
1460
0
1460
1460
0
1460
1460
0
0
0
360
1460
1460
0
1460
1460
0
1460
1460
0
1460
1460
134
0
419
0
202
474
0
0
474
0
0
525
884
50
50
1460
1460
0
1460
1460
0
1460
1460
0
1460
1460
1460
0
543
0
1460
1460
0
1460
851
1460
0
1460
1460
1460
0
1460
1460
0
970
0
1460
1460
0
1460
1460
0
883
1460
1376
0
1460
1383
0
1460
811
1460
0
0
1460
819
1169
0
0
0
314
1460
1460
0
1244
0
0
805
50
404
774
682
52
887
808
460
39
0
1460
1234
0
0
0
816
0
1460
1460
1460
0
1070
1057
0
1276
0
404
540
819
824
1460
128
0
819
1460
1460
0
1460
191
0
210
0
0
0
821
0
806
834
0
50
0
0
0
0
728
1426
0
0
0
0
0
0
353
353
353
0
1460
147
0
1460
421
0
0
1460
1460
0
0
1460
1460
0
1460
1460
137
0
90
1251
0
372
0
0
0
1460
1460
0
1460
1460
0
1460
1460
0
1460
1460
0
1460
1460
0
0
0
1460
1460
0
0
1460
1460
0
0
1460
1460
0
1460
1460
0
1460
1460
0
1460
1460
0
1460
1460
0
1460
1460
0
1460
1460
0
790
0
0
0
0
0
0
353
353
353
353
0
1460
1460
0
1460
1460
0
1460
1460
0
1460
1460
0
1460
1460
0
1460
1460
0
37
0
0
0
0
0
0
850
750
1460
0
1460
540
1460
0
1460
1460
1460
1460
1460
1460
1460
1460
1460
1460
0
1460
0
1460
0
1460
1460
0
1460
1460
1460
1460
1460
858
1460
0
1460
1460
1460
1460
1460
1460
1460
1460
1460
1460
0
1460
1460
1460
1460
1460
1460
1460
1460
1460
1460
0
1460
1460
1460
1460
1460
1460
1460
1460
1460
1460
1460
1460
1460
1460
1460
1460
1460
1460
1460
1460
1460
1460
1460
1460
1460
1460
1460
1460
1460
1460
1460
1460
1460
1460
1460
1460
1460
1460
1460
1460
565
835
0
1460
1460
1460
1460
1460
1460
1460
0
1460
1460
1460
1460
1460
1460
1460
1460
1460
1460
1460
1460
1069
1460
1460
1460
1460
1460
1460
1460
1460
1460
1460
1460
1164
197
1460
0
1460
0
1460
1460
0
1460
1460
0
1460
1460
0
1460
1460
0
1460
1244
0
0
69
42
0
0
0
316
56
1360
562
0
931
40
0
1360
1360
0
1360
1360
0
1360
1360
0
1360
1360
0
1360
698
0
32
1015
1460
0
1460
1460
0
1460
1460
0
1460
1460
0
1460
1460
0
1460
1460
0
400
1460
0
1460
1460
0
1460
1460
0
844
1460
0
884
1460
1460
0
1460
857
1460
0
857
857
583
38
1460
1460
0
1460
1460
0
1460
1126
0
0
31
996
1460
1460
0
1460
355
0
1460
525
0
1460
1460
0
1460
1460
0
1460
1460
0
1460
1460
0
1460
1460
0
1460
1460
0
1295
129
0
892
33
0
0
272
272
272
272
281
281
281
281
336
336
336
336
346
346
346
346
1460
1460
0
0
1460
1460
0
1460
1460
0
1460
1460
0
1460
1460
0
1460
1460
0
1460
1460
0
1460
1460
0
1460
1460
0
276
285
285
350
1460
1460
0
0
0
70
363
0
1460
1460
0
1460
1460
0
0
0
0
130
1460
1460
0
647
1460
1460
0
1460
1460
0
1460
1460
0
1460
1460
0
0
0
0
925
866
585
583
583
583
583
583
999
1460
1460
0
1460
1460
0
1460
1460
0
1460
1460
0
1460
1145
0
34
33
38
918
871
871
0
0
0
138
241
0
51
1460
1460
0
1460
1460
0
1460
1460
0
1460
0
1460
0
1460
1460
0
1460
34
1460
0
1460
1460
0
1460
1460
0
700
1460
1460
0
1460
907
1460
0
1460
418
0
1460
583
1460
0
1204
1460
583
1460
0
632
1460
1460
0
583
1460
1460
0
1460
1404
0
404
0
1460
1460
0
583
905
1460
1460
0
539
129
228
100
0
583
50
202
1460
1460
0
388
1460
0
1460
319
0
0
0
0
229
286
583
1460
0
0
1460
1460
0
1460
1460
0
433
298
1460
0
252
1460
897
1460
0
1000
1460
1460
0
898
995
0
1460
583
1460
0
1460
1460
0
0
1224
583
1460
1460
0
1460
1406
0
119
0
583
1026
1430
0
620
95
0
314
1460
973
0
1460
1460
0
1422
1460
1460
0
583
1460
1431
0
191
0
0
1460
1460
0
1460
204
0
583
583
0
0
1460
1460
0
1053
1460
298
127
0
54
1460
1460
0
1460
971
0
1460
1460
0
1460
1460
0
751
584
47
155
583
1460
1460
0
1460
1460
1460
0
1097
0
499
1002
1460
1460
0
1460
972
0
1460
583
1460
0
1274
0
0
583
649
583
583
724
399
0
0
0
163
222
0
440
36
43
39
494
1460
1460
0
628
404
583
1460
1460
0
1460
1460
0
1204
1460
1460
0
583
1460
495
0
1460
583
1460
0
689
1460
583
1460
0
1460
204
0
1460
583
1460
0
811
314
938
584
0
76
155
0
0
390
0
86
34
1460
1460
0
1460
1460
0
77
1460
583
1460
0
770
1460
583
1460
0
1460
1460
0
1460
1340
0
1460
583
1460
0
1157
1460
583
1460
533
0
163
162
0
138
93
583
27
0
0
0
0
0
180
1460
0
1460
0
784
1275
0
0
0
89
583
0
35
1460
1460
0
1460
1460
0
401
583
84
33
160
106
26
1460
1460
0
1460
286
0
1460
1312
0
583
59
34
583
1460
1460
0
1460
453
0
1460
583
1460
0
1460
363
0
0
1460
583
1460
0
1460
1029
0
1215
0
67
33
583
51
157
1460
1460
0
1460
728
0
583
1460
1460
0
1460
1363
0
583
1460
1460
0
912
0
583
0
133
316
50
29
1460
1460
0
232
1460
583
1460
0
1248
243
126
583
1460
1460
0
1277
583
0
0
1186
0
0
1186
837
250
1460
0
0
1460
1460
0
1460
1460
1460
0
1460
9
0
583
1460
1460
0
1236
287
0
287
0
0
0
583
377
1460
0
1460
1460
0
628
205
583
65
1460
1172
0
1460
583
1460
0
1460
1460
0
0
891
1460
583
1460
0
1460
12
0
583
0
0
89
1460
1460
0
1460
115
0
1063
583
1460
1460
0
1460
1460
0
1192
583
0
0
1460
1460
0
875
1460
1460
0
1460
1460
0
507
1460
888
0
1460
1460
0
674
1460
1460
0
1460
487
0
1460
1460
0
1460
53
0
0
0
0
0
0
0
0
0
0
849
0
0
0
0
0
0
394
394
0
0
0
0
394
394
0
0
394
0
0
394
372
0
0
0
0
0
0
0
1460
1460
0
0
1460
1460
0
1460
1460
0
1460
1460
0
1460
0
1460
0
1460
1460
0
1460
1460
0
1460
1460
0
1460
1460
1460
0
1460
0
1460
1460
1460
0
1460
0
1460
1460
0
1460
1460
0
1460
1460
0
1460
1460
0
1460
1460
1460
0
1460
0
1460
1460
0
1460
1460
1460
0
1460
0
1460
1460
1460
0
1460
0
1460
1460
0
1460
1460
0
1460
1460
0
1460
1460
0
1460
1460
0
1460
1460
0
1460
1460
0
1460
1460
0
1460
1460
0
1460
1460
0
1460
1460
1460
0
1460
1460
0
1460
0
1460
1460
1460
1460
0
1460
0
1460
0
1460
1460
1460
1460
0
1460
0
1460
0
1460
1460
1460
1460
0
1460
0
1460
0
1460
1460
1460
0
1460
0
1460
1460
0
1460
1460
0
1460
1460
0
1420
1460
1460
394
1460
0
1460
0
1460
1460
1460
0
1460
0
1460
1460
1460
0
1460
0
1460
1460
1460
0
986
1460
0
1460
1460
1460
0
1460
1460
0
1460
0
1460
1460
0
1460
924
0
1460
1460
0
1460
394
1460
0
1460
466
0
1460
1460
0
1460
394
1460
0
1460
918
0
1460
1460
0
1460
394
1460
0
1460
1460
0
1460
1460
0
1460
1460
0
1460
1460
0
1460
1460
0
1460
1460
0
1460
1460
0
1460
1460
0
1460
1460
0
1460
1460
0
1460
1460
0
1460
1460
0
1460
1460
0
1460
1460
1460
0
1460
0
1460
1460
0
1460
1284
0
1460
1011
0
0
640
1460
1460
0
1460
1460
0
1460
1460
0
1460
1460
0
1460
1460
0
1460
1460
0
1460
0
0
1460
1460
0
1460
1460
0
1460
1460
0
1460
1460
0
1460
1460
0
1460
1460
1460
0
1460
0
1460
1460
1460
0
1460
0
1460
1460
37
1460
0
1460
0
1460
1460
1460
0
1460
0
1460
1460
0
1460
1460
0
1460
1460
0
1460
1460
0
1460
1460
0
1460
1460
0
1460
1460
0
1460
1460
0
1460
1460
0
92
1460
1460
0
1460
1460
0
1460
1460
0
1460
1460
0
1460
1460
0
1460
1460
0
0
1460
1460
0
1460
1460
0
1460
1460
1460
0
1460
0
1460
1460
1460
0
1460
0
1460
1460
0
1460
1460
0
1460
1460
0
1460
1460
1460
0
1460
0
218
1460
1460
0
1460
1460
0
1460
1460
0
1460
1247
0
1460
1460
0
1460
1460
0
1460
665
0
197
0
0
0
0
796
0
485
0
272
272
281
281
336
336
346
346
1460
1460
0
1460
202
0
0
0
37
38
0
881
128
0
0
0
0
0
85
0
0
935
1002
0
0
904
0
0
904
0
0
0
0
904
904
0
0
787
0
0
1460
1460
0
482
0
1460
1460
0
1460
1197
0
0
0
1460
1460
0
1460
967
0
1460
1460
0
1460
1460
0
1460
52
0
0
41
155
0
0
0
362
0
0
0
0
1424
595
0
0
758
658
248
0
0
39
38
0
0
0
0
0
216
216
116
153
0
0
0
0
366
0
0
367
0
0
1460
1460
0
1176
1460
1460
0
1176
514
0
514
0
0
1460
1460
0
162
1460
1460
0
453
0
1396
162
1396
0
57
673
1396
1396
0
1147
1460
0
39
36
0
0
0
0
0
258
57
258
0
57
0
55
0
222
0
0
0
0
798
0
0
198
1460
47
47
0
0
0
0
0
433
774
0
0
0
0
229
183
0
0
272
272
281
281
336
336
346
346
50
22
22
50
133
316
272
272
281
281
336
336
346
346
50
272
272
281
281
336
336
346
346
0
0
0
0
0
0
0
0
0
0
0
0
0
0
0
0
0
0
297
41
1430
1430
29
1430
59
0
0
0
41
0
68
0
1416
1416
0
1415
41
0
41
297
1430
1430
26
0
0
0
66
679
41
0
41
0
0
0
0
0
0
0
40
40
0
0
0
0
0
0
0
0
0
0
0
0
0
0
0
0
0
0
0
0
0
0
0
0
0
0
0
0
0
0
0
0
0
0
0
0
0
0
0
0
226
0
0
1460
1460
0
1176
161
0
126
258
718
0
334
1160
0
566
24
1460
359
0
46
570
604
66
1460
1460
0
1460
1460
0
1460
1460
0
1460
1460
0
1460
1460
0
0
1033
66
0
0
430
1460
0
1460
1460
0
1460
1460
0
1460
1460
0
1460
1460
0
1460
1460
1460
0
1460
0
1460
1460
0
1460
1460
0
1460
1460
0
1460
967
0
40
610
183
0
37
37
0
0
0
0
27
0
0
0
0
0
0
0
0
878
0
0
976
1460
0
1460
1460
1460
0
1460
1460
0
1460
0
1460
0
1460
1460
0
1460
1460
0
1460
1460
0
1460
1460
1460
0
1460
0
1460
308
0
37
31
36
0
0
0
1004
0
0
0
0
0
540
1460
1460
0
1460
1460
0
1460
348
0
1019
0
0
1024
0
0
1015
87
0
0
1460
1460
61
0
0
0
0
0
0
0
1015
1016
1018
1460
1460
0
1460
1460
0
1460
583
0
0
0
366
0
0
0
0
356
336
0
1460
1460
1460
0
1460
0
1460
1460
0
1460
1460
1460
0
1460
1460
0
1068
0
1019
0
1460
1460
354
0
974
81
0
0
0
0
0
1114
0
0
0
0
349
981
381
0
871
0
0
512
969
1460
229
0
86
0
0
0
641
0
1460
1017
0
1460
1460
0
1460
1460
0
1460
1460
0
1460
1460
0
1460
1460
0
0
0
1106
1460
1216
0
0
0
0
0
0
0
0
0
371
375
367
362
1460
154
0
0
0
0
1430
1430
0
1430
1430
1430
0
1430
0
1430
1430
1430
0
1430
0
1430
1430
0
1430
1430
1430
0
1430
1430
0
1430
0
1430
1430
0
0
0
0
0
0
364
352
0
0
768
0
0
0
0
0
0
0
1460
1068
336
1460
1311
42
0
0
1430
1430
0
1430
1430
1430
1430
1430
0
0
1430
1430
1430
0
1430
602
0
1430
1430
0
1430
1430
0
1430
0
1430
1058
0
0
0
0
1322
1460
64
0
0
0
0
0
985
367
310
1460
0
1460
0
1392
979
1430
1430
0
1430
628
0
246
0
1460
557
0
992
979
979
976
987
372
0
1460
355
0
936
1460
257
549
0
565
1430
1430
0
1430
1061
0
0
0
0
998
991
991
991
1003
991
669
930
1025
0
1460
1460
491
0
524
1460
0
1460
0
404
404
648
1460
675
1460
523
0
0
0
0
1031
1460
1460
0
1460
1460
1460
1460
1460
1460
1460
1460
0
24
523
0
0
0
0
0
1460
1460
0
1460
293
1047
0
56
991
989
1028
1029
991
989
994
1061
992
1015
1015
0
521
1460
118
0
928
1029
1277
1460
1201
0
1163
0
0
0
815
0
0
1031
988
1460
1460
0
1460
1460
0
1135
523
522
1027
458
0
0
0
1460
437
0
802
230
287
1460
0
1460
1460
0
1460
1199
0
1027
0
0
1460
1460
0
1460
1460
326
0
1460
188
0
1460
1460
0
1460
28
0
1460
735
0
0
0
1460
422
0
1460
1460
1460
0
811
0
299
1460
0
191
1460
0
1460
0
1460
1460
0
1460
1460
1460
0
1460
0
1460
1460
0
298
1460
1460
53
0
0
1460
1460
0
1460
1460
0
1460
1460
0
1460
1460
0
1460
1460
0
0
988
991
991
991
991
991
460
463
1027
1460
1460
0
1460
1460
0
1460
1460
1260
0
0
1009
1460
1460
0
1136
1118
1000
1017
1460
1460
518
0
976
1460
1460
1115
0
1460
1342
0
976
1460
1460
0
1460
32
148
1460
0
538
1460
0
1460
189
0
976
976
1014
949
976
536
0
1427
1460
71
0
1460
1460
1460
0
1460
0
1460
1460
135
0
1460
1460
706
0
1460
1460
134
1460
1460
85
404
0
0
0
1251
1460
1460
0
244
1460
1310
0
1336
0
0
0
0
982
976
976
976
976
991
1387
46
1460
1384
0
1460
1414
0
1460
1460
0
37
1460
1403
0
1352
1460
1448
0
0
0
251
1460
0
1460
1460
0
1460
1308
0
1290
0
1305
1298
1292
1292
0
88
0
0
664
0
0
664
90
0
1460
287
225
0
0
0
1190
287
0
0
1460
95
0
1460
1460
1028
0
930
0
1460
869
0
0
0
0
984
976
976
976
976
987
1413
1460
245
0
1460
1460
0
211
1377
1460
407
0
985
1345
976
980
976
976
981
1359
1460
149
0
1460
1460
0
709
1333
1460
1337
0
1460
529
0
0
0
0
976
976
976
982
976
976
1460
640
0
1460
1460
0
1460
1460
70
243
0
976
976
976
1460
1460
611
0
860
0
1460
1223
0
1460
725
0
1460
362
0
1460
391
0
976
976
976
991
976
976
1460
805
0
1460
645
0
1460
1460
730
0
549
0
1460
1460
221
0
1460
287
0
982
982
975
978
973
985
1460
171
0
1460
220
0
965
833
745
829
0
0
0
0
985
984
986
980
985
1003
845
979
913
1460
141
90
0
426
0
0
0
0
0
0
328
0
0
379
1460
1460
1460
1460
560
0
788
0
0
312
0
110
0
0
396
620
229
183
0
0
996
1460
1460
0
1460
1460
0
1460
1460
0
1460
1460
1460
1460
1460
1245
0
297
41
1430
1430
29
1430
59
0
0
41
0
0
62
0
1416
1416
0
1415
41
0
41
297
1430
1430
29
849
0
0
0
67
811
0
41
41
0
1208
0
766
1460
0
1460
1460
0
1460
1460
0
1460
1460
0
1460
0
1460
1460
0
1460
1460
0
1460
1460
1460
0
1460
1460
1460
1460
617
0
1374
1374
1376
1399
1375
1349
1108
1108
0
1117
873
1358
744
1460
1460
0
1460
516
476
0
1147
0
0
0
0
1374
1380
1364
1367
1364
694
946
1170
287
1460
0
287
1460
470
0
1377
500
903
527
404
404
1379
1378
1383
717
1079
1378
1378
0
191
298
1101
1377
1000
0
0
1377
940
666
1041
475
230
0
0
1460
573
0
0
0
0
0
444
0
0
963
53
404
0
0
1460
36
0
0
0
0
0
674
0
0
675
287
0
0
287
0
0
251
1460
0
1460
1460
1460
0
0
0
88
380
380
380
380
380
380
0
1460
1460
0
1460
1460
0
1460
1460
0
1460
1460
1460
0
1460
0
1460
1460
1460
0
1460
0
1460
1460
1460
1460
1460
1460
1460
1460
1460
1460
0
1460
1460
1460
1460
1460
1460
0
1460
1460
1460
0
1460
1460
1460
1460
1460
1460
1460
1460
1460
1460
0
0
1460
1460
1460
1460
1460
1460
1460
1460
1460
1460
0
0
1460
1460
0
1460
1460
1460
1460
1460
1460
0
0
0
1460
1460
1460
1460
1460
1460
1460
0
1460
1460
1460
1460
1460
0
1460
1460
1460
1460
1460
0
0
1460
1460
0
1460
1460
0
1460
0
1460
1460
0
1460
1460
0
1460
1460
1460
0
798
542
1269
380
380
771
0
1139
390
0
0
0
1460
1460
1460
0
1460
0
1460
1460
0
1460
1460
1460
0
1460
0
1460
729
0
1460
1460
1460
1460
1460
1460
1460
1460
0
1460
1460
1460
1460
0
1460
0
0
1460
1460
0
1460
1460
0
1460
1460
0
1460
1460
0
1460
1460
0
1460
1460
0
1460
1154
0
403
837
312
0
110
739
0
0
183
0
0
0
0
1446
0
685
1460
0
1460
1460
0
1460
1460
1460
0
1460
1460
0
1460
766
0
1460
1460
0
1460
1460
0
1460
1460
0
1460
1460
0
1460
1140
0
1460
5
1460
66
1460
17
1460
18
1161
1161
1460
40
0
0
0
866
1460
1460
0
1460
1460
620
0
0
0
1460
852
0
0
0
0
737
1460
57
0
1460
296
0
287
1460
287
0
1460
0
0
585
1460
44
1460
42
1460
38
1460
34
1460
19
1460
47
747
973
191
1222
26
298
0
0
1460
0
0
1460
515
0
0
0
866
1042
487
404
404
0
383
1460
40
0
1460
47
532
0
42
1460
40
1460
52
1460
53
1460
50
1102
438
230
0
0
561
0
0
1460
1352
0
1460
27
705
0
466
0
0
1460
28
1460
27
1460
22
705
404
1460
1460
18
719
0
1460
27
0
314
1460
88
0
0
0
0
53
0
1460
1460
0
1460
1460
0
552
0
0
1460
1460
18
1460
0
689
1460
1460
29
1460
0
488
0
1460
1460
29
1216
0
0
0
1460
1460
25
1460
1460
0
1460
1460
0
936
0
1460
1460
38
1460
0
1460
1460
0
1460
1460
0
158
0
0
0
806
251
1460
0
1460
1460
0
1460
0
0
806
0
0
287
0
0
0
0
0
1460
1460
0
1460
450
0
0
1460
90
0
287
0
0
0
734
0
0
0
1460
1460
0
1090
728
0
88
0
455
0
892
0
0
0
312
900
0
110
0
0
183
0
1216
514
0
903
485
0
297
41
1430
1430
29
1430
71
0
0
41
0
0
62
0
1416
1416
0
1415
41
0
45
41
297
1430
1430
19
0
0
67
443
0
41
41
0
0
0
0
1
0
50
22
22
0
0
22
22
50
50
1
0
1
1
0
0
1
0
1
1
1
0
0
0
1
1
0
1
0
1
0
0
1
1
0
0
1
0
1
0
1
1
0
0
1
0
0
0
1
1
0
0
1
0
1
1
0
0
665
50
22
0
1
183
0
0
1
1
1
1
1
1
0
0
0
0
0
0
1
0
22
50
1
0
1
1
1
1
1
0
0
0
0
0
50
1
0
26
0
1
0
0
0
0
42
92
0
0
1
0
663
0
183
0
40
1
