735
688
7641
172656
7346
11150
4367
247
250
247
253
248
251
124
375
249
250
251
241
373
250
376
2891
51817
-842984
4
16847
2349
52
4017
2301
6554
667
3161
58043
430
162
6229
331
1
44
9510
427
294
0
335
242
13814
82
219
2179
47263
64
170
16096
43
556
16363
40
63
1
97
5083
37
261
11361
252
1055
841
53
305
13799
533
68
136
116
148
411
428
1002
49
462
735
1109
32
731
1
74
442
53
4850
197
39197
1019
61
4804
37
33633
318
248
224
135
57
169
263
130
63
49
28607
11748
18275
100
349
605
72
677
63
260
1005
67
1498
219
9
14844
247
714
56
822
875
67
45
44754
835
34
835
120
22
249
736
2190
2879
25331
93
795
1
45
37
534
31024
16641
391
2096
16865
67
727
31
978
30
713
25
31
0
481
1013
27
230
594
982
24
841
25446
29
409
988
26
861
13737
27
892
841
26
878
5036
65
730
1016
64
806
1518
22016
863
60
945
873
59
1068
863
60
942
464
60
88779
805
69
968
821
61
1084
876
59
799
144
74
386
60
13044
1339
1
81
68
409
688
1145
99
21721
25861
910
985
61
805
905
58
12042
84645
1004
33
852
847
26
1239
997
30
707
311
36
571
5257
4640
959
29
842
872
17
13466
923
40
836
618
251
2220
-972208
2
118
211
39
236
6
19
20
215
0
37
207
55
66
115
66
108
89
237
957
366
42
41
1040
290
21822
25067
16658
126
308
65
218
167
97
244
1083
30
848
14004
29
837
1041
26
845
4848
26
969
508
26
147
123
24
246
587
12925
9942
41
868
836
28
454
80
25
114
36
34
135
0
4155
9223
117
249
1011
33
831
875
27
31126
928
29
974
872
26
31214
885
28
962
885
26
3750
1005
25
798
886
26
39603
985
65
818
908
62
32443
869
61
790
862
58
62580
1001
58
389
448
838
60
14231
876
61
762
885
61
13494
1
68
370
634
75
530
65
186
375
75
48
249
128
3
83
89
859
69
7218
36476
9362
44008
374
64004
34894
845
67
795
862
62
32320
880
74
899
879
75
915
12869
843
46
963
864
42
3928
8955
828
43
72
23
47630
53
67152
5012
64
779
999
63
829
1330
3660
996
62
810
878
61
1057
1003
58
822
848
60
23696
918
62
803
1012
60
4746
896
61
904
889
63
5218
838
46
979
871
71
44
24
516
86
310
0
184
248
111
1
51803
38
962
878
64
918
2282
48435
984
2
35
216
108
20
978
1132
31
977
0
232
1001
23
10076
865
32
762
254
21
102
230
28
64
33
4
145
77
6
27
34
6
108
4420
8218
225
64
4727
-996895
9234
1240
48341
25924
112
257
243
31
103
98
247
9
158
74
250
14
129
104
19155
1
36435
120
85
37
249
77
197
225
69
39
6734
32841
413
17195
47053
9457
83
31
61
376
68954
82
350
5567
27237
1
67
33145
125
80
167
877
106
313
62
401
47413
8335
7885
783
72
303
495
834
57
548
9918
2
77
1188
8760
611
80
409
26369
68
402
77
308
80
14959
38924
29710
110
662
890
33
821
13517
82
750
858
39
827
17277
30
122
52
87
113
16
984
996
26
598
269
0
34
4988
351
32
188
85404
115
29
969
978
30
876
32782
61
779
873
27
971
16781
55
911
890
28
810
30106
55
939
867
26
845
4858
9264
64
46
25
149
169
197
145
255
1083
12866
57
825
1010
865
1153
824
1089
851
4361
863
1012
890
4234
2
196
867
36
773
82
65
63
62460
234
252
246
252
248
251
1250
134
2116
11869
0
39
1046
34
739
27
1151
24571
24180
848
1001
871
-987496
183
17652
801
861
1000
13575
1011
0
339
40
32
163
273
1019
45019
859
1021
720
1271
856
1015
861
5378
865
1020
866
22546
1007
40
1943
30209
870
1035
871
28869
982
893
854
30875
1033
477
1018
5112
844
1019
1
81
151
57
183
69
58
42
75
61
193
0
38202
1
84
59
160
60
156
50084
64
68
189
162
1
61
65
608
11
105
15038
85112
1
16724
115
267
230
82
89
77
50147
94131
59059
49
138
310
213
55803
60
87454
34917
852
22
779
889
26
9653
83
29
100708
-880529
2581
122172
430
150451
198315
387
142386
96545
734
71
47789
12081
267
159539
216
223
263
249
423
189
267
1
-968128
361
183936
2725
33944
89107
38864
51017
162768
43886
1
0
263
93385
330
42688
51502
6483
6555
471
890
273
332
25
117
130
376
57711
1
123
295
34115
14050
56
219
16369
201
1047
308
36
205
15247
40
-966130
1
79
159
17440
243
63
55
232
116
41
79
134
66
641
988
1371
78351
233
241
162
16114
1
789
225
64517
101
271
17079
79
41279
3
29
42488
127
260
375
33662
951
62
804
868
58
6002
5068
20287
971
84
896
871
69
10603
33176
52645
1227
48
816
1003
27
836
1134
24
976
857
19
984
9431
570
718
695
672
5036
370
9442
51
785
994
22
15195
32037
753
34
975
858
23
1215
131
20
97
880
141
16333
11912
1
0
1
0
0
90
15
11
7
193
70
56
55
256
26
111
633
98
27
5341
67
1001
10194
377
77
26
57
70
69
62155
91
42
225
8
1040
827
997
61
47
32
975
14000
156
973
68
68
230
378
980
40
39032
991
1018
60
768
606
58
978
4124
849
60
732
802
195
5794
6915
60
926
895
60
284
871
13694
832
65
916
892
63
1049
1008
53
828
992
50
38865
970
68
43
67
50
49
213
70
37
7
43
148
49
69
57
121
120
33
122
1
43
379
254
43
147
40
262
108
6233
344
77821
173
245
249
145
241
330
183
290
370
246
175
287
300
222
639
48
1080
1010
27
847
2186
45
421
14038
22
28678
18631
89
308
583
39
947
37
861
40
10807
37
8838
6245
38
835
37
961
37
850
45
-993924
976
56
970
836
45
8151
15648
445
543
308
49
946
245
42
441
12675
367
106
81
935
63
828
1242
318
565
81
878
137
76
42
43
199
30
106
37
200
134
1
3729
265
1064
815
41
949
20686
854
63
924
869
47
1907
1044
976
10276
120
52
581
60
805
776
1460
27923
737
1
64
159
133
99
151
134
116
181
145
107
13
765
261
9078
4415
66469
966
982
72
809
891
61
5068
875
45
950
846
50
22475
863
58
68
237
888
39872
17258
197
215
32525
49
80
1822
18123
5954
993
41
828
1000
37
45855
1056
31
995
0
968
25
12713
90
1026
883
69
782
869
57
13331
101
44
236
83
44
100
283
481
878
38
357
14531
61
27569
5016
61
923
940
57
808
15835
63
768
971
58
818
28543
73
276
972
369
46
71
75
58
62
50
140
162
837
1002
45
960
870
40
17364
935
37
834
1004
28
7876
876
40
66
56
205
8
167
56
149
45
195
36
79
9
120
10020
2642
678
14323
488
777
574
696
716
516
579
471
17229
492
376
45581
16633
80
999
875
28
848
6016
221
26351
81
842
874
29
844
13626
41
218
118
122
996
996
28
594
1140
12501
995
29
838
872
20
5162
453
35
80
124
671
324
922
70
336
22258
150
162
36
1000
973
47
3399
604
34
243
3267
6811
964
28
835
867
22
4163
9204
875
28
92
241
884
1245
24
972
889
22
843
5122
20
979
875
18
982
37770
122
655
959
27
847
5147
42
811
996
21
851
22322
176
526
979
26
886
10117
52
693
959
24
923
9798
75
811
959
28
851
5041
98
855
981
67
824
11903
93
44
74
119
248
619
127
193
707
66
13435
831
53
942
883
59
1106
955
59
816
1010
44
13821
889
69
696
123
90
43
51
234
595
351
380
47
82
479
-998122
49
952
4178
3358
1531
81
874
976
48
836
14693
85
847
135
93
518
152
176
97
180
17
37
334
136
33
202
22423
53
3938
28
3477
72
250
10068
37
8439
70
804
521
992
57
794
973
43
4374
404
535
1875
529
1262
112
889
45
970
881
45
1162
867
41
963
870
38
5095
1012
43
814
879
45
16843
906
992
63
789
53
5087
997
43
703
999
1367
46
835
993
47
834
9258
144
755
974
57
828
8985
48
944
892
65
937
3183
5779
862
22
990
29
834
881
24
974
872
19
105
41
214
120
29
133
98
1364
256
18
101
18
233
962
24
740
149
24
1464
1
1140
26
538
293
996
23
973
1006
873
23
978
875
1120
27
1027
1021
77
738
30
1137
979
45
807
1015
521
4493
42
948
871
36
962
29
8041
1006
1001
25
24
3455
1822
81
28
997
45
977
847
39
401
334
102
128
263
183
45
260
140
912
60
1026
50
559
364
1002
868
18
986
879
17
686
383
32
194
166
4
1
99
3590
986
51
867
922
26
1032
3
157
260
66
976
7
187
207
57
68
328
1233
25
13
31
941
1005
289
608
46
414
24
107
125
266
157
826
21
867
859
19
2735
4977
80
923
870
27
845
997
19
429
997
21
459
119
25
109
138
97
111
144
243
0
57
201
496
527
457
875
17
982
875
19
8929
1854
470
23
104
251
885
597
379
20
3681
1321
523
478
20
849
902
57
1039
997
20
856
782
86
20
1231
864
20
975
874
16
9530
848
27
971
884
25
1593
997
28
846
191
62
17
605
2842
8833
1
63
1011
742
24
820
45
1432
3609
45
898
889
19
980
4416
53
928
614
31
472
0
67
1070
2
341
123
35
90
250
134
0
65
1341
675
244
685
1067
416
28
968
870
20
261
714
5318
54
906
878
26
83
1011
9898
59
913
1009
26
838
5021
44
933
989
25
851
1210
91
47
164
244
49
202
635
1011
47
4911
890
32
846
871
22
1227
883
27
726
991
29
1480
867
27
974
746
25
164
73
58
55
4
379
101
329
118
3
689
248
17
982
876
16
1115
994
18
856
999
17
13792
847
30
991
895
59
4815
453
28
896
1034
78
970
998
47
558
127
260
878
56
8994
829
27
831
890
25
1205
875
20
868
857
16
5004
868
28
850
994
26
1053
48
874
24
874
842
19
1270
941
25
773
863
19
1330
790
1085
26
841
1030
24
1049
826
54
39
1098
7521
26
901
1010
2
56
913
33
5106
677
294
16
29
980
839
27
1132
996
42
896
1018
0
25
16
32
336
74
5
86
79
7
74
683
364
858
874
270
1091
3965
55
979
1001
62
28
869
2
75
185
54
245
124
120
256
134
256
120
107
250
31
988
718
186
40
1459
727
877
39
948
876
20
1105
1003
19
964
914
41
4948
992
24
105
147
224
91
45
114
127
8
1001
30
1078
1005
28
837
121
505
0
25
228
11387
22773
250
14685
9511
1219
22
865
804
23
835
112
1030
43
69
254
16
110
227
11
125
109
265
983
1368
22
893
995
853
23
978
1376
22
231
29
215
128
252
38
968
878
0
1515
3756
34
968
873
26
854
1236
23
349
627
26
79
48
112
8
36
157
16
27
90
5
24
67
958
478
123
26
949
5843
1
932
36
330
897
1088
30
237
247
356
16
485
5428
68
927
853
27
847
1248
18
983
874
20
982
5039
56
776
820
162
21
880
1240
23
871
973
29
87
42
143
730
1240
42
830
997
36
837
1500
39
916
923
43
331
117
247
132
0
63
169
119
144
32
93
132
1236
883
22
220
1368
1125
21
1022
844
32
456
1956
1553
1
31
1576
139
1874
242
121
1002
1127
21
101
1000
389
611
17
860
12578
68
99
58
737
1003
859
37
972
3749
492
41
973
848
30
315
4561
986
856
30
178
784
7324
5209
62
910
877
31
214
1372
947
57
29
841
998
22
729
8316
460
43
68
134
47
968
183
107
570
38
412
816
1032
64
792
855
33
1319
997
997
23
874
1665
111
216
36
1015
839
34
1009
95
990
29
879
79
1
1622
821
147
684
793
181
24
1103
874
29
968
873
20
8023
339
27
967
873
19
1243
1001
29
854
865
30
334
879
870
19
90
273
886
1252
51
565
111
255
507
1
507
868
22
394
707
989
30
969
919
60
1030
992
32
832
1022
38
4834
135
1060
105
4080
1
0
1
1
87
437
38
809
1257
29
975
865
27
854
1274
21
826
34
957
19
354
501
1623
18
1042
988
69
779
1112
44
965
875
1014
43
1065
40
825
994
23
837
882
25
516
489
470
34
475
322
56
0
28
592
144
80
69
77
21
486
444
190
27
350
1
55
251
226
3340
423
6772
674
32
344
481
16
483
896
25
475
376
24
3704
654
55
424
538
52
443
1273
364
35
638
406
24
497
471
30
630
499
41
404
442
1
47
760
186
16
445
508
18
476
130
0
525
164
61
765
765
281
78
8730
8019
2559
75
405
475
50
496
3655
1580
41
920
996
20
855
1375
20
853
1021
26
953
9219
45
856
953
37
788
1124
41
956
1012
1
51
60
1245
878
37
94
87
376
537
1004
50
1098
999
73
794
1003
2
95
29
1105
866
43
974
865
322
2290
43
225
736
133
69
149
784
903
58
4466
208
4620
832
26
983
881
22
1461
1026
42
828
857
20
753
2667
118
371
351
34
483
5485
50
790
999
19
854
1124
18
1007
859
32
981
1106
19
985
944
109
711
1243
35
850
1013
53
54
70
929
1357
18
982
878
18
479
1260
648
41
189
50
70
36
89
30
227
161
118
120
364
860
26
522
4729
3242
343
504
1011
20
-998150
992
22
616
488
20
478
512
0
29
220
507
492
29
472
369
24
2384
488
1
37
618
8513
59
883
499
28
860
1282
1
96
23
973
879
39
983
734
36
2502
10596
56
907
875
22
1011
1691
103
972
987
46
51
1007
875
25
1229
869
25
973
876
26
1081
1002
17
857
526
0
1247
877
997
31
949
21
1071
194
49
926
863
23
1100
1000
24
978
874
17
3106
900
26
3241
3793
1367
83
640
90
609
425
41
114
679
265
1108
21
973
876
19
480
1254
109
887
15
860
835
41
19
5487
900
30
943
869
18
1107
999
16
984
874
14
865
997
14
366
496
13
487
5355
188
610
994
39
829
738
21
350
506
0
21
102
0
4800
959
32
211
423
465
1243
28
219
114
326
685
912
61
12316
1685
795
27
1045
887
27
4957
871
19
984
871
18
5159
1024
32
843
1061
28
4992
978
56
750
927
18
1183
871
37
968
947
22
1032
993
16
959
891
23
9441
786
26
1007
70
16
1006
963
172
47
931
885
24
870
13071
55
876
951
27
907
1357
23
922
997
18
778
1323
66
863
497
23
872
853
34
831
138
585
425
38
839
5378
32
1071
751
22
1021
1211
21
889
872
54
998
1057
43
835
1064
22
782
5463
21
961
875
17
982
3309
34
199
875
32
835
124
1715
20
1039
991
18
935
1011
25
1335
798
19
980
866
23
1261
875
40
930
905
70
5308
875
55
948
936
25
1475
803
54
911
877
18
5156
902
988
68
815
1107
56
195
63
83
97
1004
873
11
30
1234
849
63
79
327
654
902
66
1045
997
53
831
358
45
534
792
1032
100
822
828
66
1542
884
65
909
877
46
2452
401
1099
41
958
885
54
805
1090
21
989
887
56
954
1101
30
2
986
880
32
936
1247
18
754
232
17
863
885
4256
37
847
995
32
844
1124
37
814
1001
380
23
559
538
1012
36
264
605
925
55
36
5212
978
24
973
874
24
2031
1
92
627
995
49
5213
862
36
949
871
20
1106
1017
26
956
873
19
731
2898
35
465
480
20
478
2638
27
463
380
22
470
2647
25
468
361
19
496
625
18
463
504
14
483
371
254
18
358
498
16
485
2632
21
472
376
20
478
5272
34
821
1000
18
859
1501
29
967
893
27
972
4822
59
746
1023
60
155
396
362
879
887
37
848
999
40
1081
850
22
972
882
21
1233
736
23
2199
983
85
35
932
869
18
980
625
15
609
506
18
503
374
28
2612
220
28
469
498
19
352
259
1874
1307
6915
559
48
415
373
20
864
494
18
476
374
17
733
547
37
316
517
41
3426
405
2
1
58
413
24
600
492
19
497
541
3
84
156
741
154
89
3082
7180
5753
150
583
977
29
838
5563
63
763
991
26
847
2691
5085
750
42
985
844
45
5134
802
28
975
867
22
1227
873
19
981
952
88
8897
964
35
848
871
35
1203
997
19
856
876
18
1275
851
48
915
884
28
4859
857
22
982
622
22
1249
886
42
302
252
50
89
33
259
65
250
382
45
804
776
3427
54
901
877
50
950
1108
19
854
1018
22
851
1108
16
1002
991
1
50
14
162
762
14981
50
942
892
26
954
1058
28
993
955
1
29
347
172
713
17521
63
424
264
39
236
1173
1387
6683
2258
2709
1362
28
818
1027
21
823
5150
21
979
790
1075
20
4033
45
852
991
58
813
3569
1575
50
842
959
896
45
1193
870
57
578
54
946
1148
69
918
863
59
674
304
975
48
952
849
56
843
952
287
48
78
993
348
390
46
91
141
236
1266
991
57
685
127
76
44
130
265
516
94
987
6377
171
3293
1988
17184
21684
972
1
65
671
3340
293
1733
1120
989
46
579
767
52
1182
128
371
386
1681
2881
848
1
95
459
559
864
65
797
372
56
201
2
1350
262
614
1568
2074
2513
6120
17027
9361
23
2336
54
175
5276
472
39
347
1
59
23
145
155
113
1458
31
3747
28
969
243
35
500
483
855
34
880
359
864
35
963
1007
0
32
324
866
5667
14922
6786
1204
219
2764
1239
69
940
847
56
934
1127
40
971
880
58
955
1377
1
58
56
1496
999
49
75
746
1001
41
13235
1262
847
49
945
878
48
1228
872
62
906
877
42
1107
974
50
808
873
23
4233
1004
24
461
114
50
72
38
90
38
178
116
95
1345
306
3692
4991
24
849
992
29
842
1119
23
981
996
21
869
1114
21
978
883
28
7208
3292
162
343
109
110
104
3872
80
11791
54
988
315
15924
66
1185
896
999
763
9451
786
1052
879
1279
874
57
1068
40
848
3864
1004
982
0
903
1366
862
1019
852
922
826
30
992
837
6161
1006
994
876
1099
1025
855
1024
32
1089
1020
750
868
1443
989
900
918
1136
1082
25
769
1061
1417
856
1028
859
1247
882
988
887
736
494
512
515
491
2631
485
475
398
607
526
468
534
610
512
359
506
828
-998441
497
351
633
517
504
490
584
510
382
496
587
209
246
0
716
2605
559
352
516
2718
447
0
561
485
663
464
522
486
380
482
407
201
426
507
155
312
266
476
328
309
372
493
245
387
249
474
265
1
289
147
245
23
564
183
20
347
246
38
710
374
36
216
256
16
1355
256
2
34
57
1829
36265
107
85954
60711
414
114214
213
80
407
26241
96704
9502
434
64
302
385
70
664
363
43
455
379
45
836
127
76
167204
10649
4805
51
692
360
23
828
6774
42
570
496
25
366
25553
96
474
503
43
7999
19397
83
458
498
22
482
625
25
16403
5590
45
2443
646
2251
75
402
307
62
24
160
525
2587
713
4131
1350
19
984
873
15
988
4385
32
11724
18766
8646
705
508
24
460
124
16
485
123
16
3857
2633
19
502
498
27
471
616
19
480
375
16
475
871
19
479
384
28
357
501
512
1223
12564
8189
7980
2671
364
128
114
144
1
359
122
124
124
364
137
128
377
121
250
7500
627
23
2356
16760
616
26
848
982
21
14506
993
26
854
867
25
12252
983
28
964
870
19
48704
985
31
845
991
24
12858
606
1269
4864
8896
1021
0
50
14
77
84
341
652
-984596
29
49963
1092
63
18945
12494
89
222
683
866
62
436
867
5127
53
803
998
41
851
7626
53
943
862
46
87
1
23409
829
1025
234
872
450
523
375
521
1678
34599
936
28
974
864
19
62542
957
26
849
999
16
1109
750
15
27027
0
158
9548
1188
98
25005
66
283
123
242
28
82
908
1045
80
788
5375
63
769
1006
46
832
2
5265
50
791
995
21
865
5185
62
49
972
960
27
861
4773
168
64
983
1024
59
1085
172
709
48
933
233
36
1200
538
329
19
856
881
148
8033
245
129
852
1038
81
656
342
994
25
842
906
53
436
362
752
1012
39
57
489
260
1367
17
468
141
128
272
1
888
3676
322
2689
5076
56
172
990
24
853
245
19
364
116
250
256
106
382
903
42
27201
2618
1250
23
836
1029
48
162
2010
1093
81
210
996
248
630
35
584
1263
887
44
199
474
146
988
527
4535
53
946
855
54
113
579
3905
1386
841
50
954
871
55
65
1353
1352
2195
852
40
448
131
40
767
195
620
42
9306
785
57
946
863
1384
45
500
452
874
42
197
151
1
1230
1008
61
805
112
43
2682
124
5640
30062
1384
1101
57
667
997
126
129
37
1946
3758
646
51
551
268
35
855
484
43
443
506
48
351
1519
471
563
961
3346
1116
45
963
872
991
40
1085
41
356
3
992
911
59
906
750
36
943
77
923
34
731
239
66
1292
119
752
2082
9726
4033
3539
7065
935
7512
361
28
151
4936
30
77
1457
1474
2750
61
269
1400
198
1096
980
60
796
1010
47
1823
1193
903
28
148
697
374
25
1101
370
645
36
336
1041
1236
2999
42
919
136
21
970
219
1153
21
475
253
883
387
11642
5870
219
1222
20031
7405
2602
390
686
2933
1123
21
979
874
23
107
999
543
8061
29
472
1005
310
683
18
4986
991
18
857
884
20
1112
321
667
19
728
879
215
1792
1
25
91
127
21
213
639
39
442
5167
6625
928
569
53
64
1884
230
1016
24
471
882
65
424
38
85
275
350
13
10653
1112
40
825
980
21
242
1899
5099
591
3896
175
195
4298
1226
40
837
244
21
965
751
25
283
197
629
884
6408
4366
46
962
219
35
989
1022
213
32
966
246
30
73
1027
1201
188
59
922
153
341
227
20
235
772
341
12302
224
2115
1118
24
971
379
21
1321
10708
1117
42
926
765
28
1392
86
871
38
564
1791
362
304
6057
3016
720
567
6714
1372
29
79
1032
418
433
25
843
369
121
831
166
1005
28
723
1552
1072
41
81
117
21
70
14899
7424
1219
26
164
682
997
16
865
1273
846
20
1008
0
33
1234
3477
980
20
726
257
37
85
25
129
315
625
3311
1095
20
851
1499
15
378
253
984
7892
1247
750
24
1001
427
432
27
4850
893
38
415
132
882
962
178
23
977
0
26
1396
559
240
17827
5353
1109
41
818
125
21
714
996
397
984
25
967
876
20
883
1576
23014
1961
4878
4853
60
776
854
1005
23
848
1395
25
326
1005
499
19
982
1125
21
349
3777
1106
27
967
250
17
1981
-997870
25
850
1
21
27897
1986
4692
571
307
510
470
473
6999
7338
27295
55
1280
48
86
32
11
94
234
0
47
13
104
64
249
26
91
641
23
133
13774
29428
687
1
474
111
257
113
997
1163
51
27
997
1049
60
797
1382
66
926
877
40
944
2019
3116
28
991
1000
37
815
1129
29
967
997
17
859
5132
866
32
967
18
854
9035
830
37
992
32
851
1238
31
835
1001
21
853
1125
19
980
871
27
1003
1109
896
59
932
46
831
4993
46
916
1002
877
26
1105
30
987
858
1055
115
1021
67
732
1000
16
859
5182
55
916
879
36
960
1868
46
566
869
23
979
1139
33
827
995
23
860
1122
22
974
997
15
863
1123
15
45234
1103
1012
32
841
893
26
1375
42
907
926
877
5213
26
835
21
965
20
864
1113
1006
871
18
981
21
1105
19
991
817
831
1472
20
981
19
857
18
984
5202
990
27
906
25
969
1120
19
993
792
24
975
1125
18
855
1023
845
2302
7747
52
450
51
822
994
633
43
826
43
455
377
498
40
957
53
321
500
513
48
1782
3456
83
876
871
1016
53
1060
992
43
831
45
958
1125
21
857
624
20
940
1395
28
841
321
675
25
871
868
20
976
867
26
977
288
4540
34
801
667
29
902
1115
27
850
286
759
26
802
1640
24
9039
868
61
1031
1003
59
939
849
41
1356
982
40
839
879
55
1193
865
45
946
888
45
5089
1013
42
816
996
43
5328
1001
40
844
991
41
1082
1003
40
829
1004
1372
42
964
46
823
879
39
7028
1
68
884
630
1
54
3209
1094
1027
47
812
990
42
1096
873
45
945
871
44
1085
995
48
959
874
42
3337
4883
10006
2632
984
64
820
998
60
1052
1000
55
910
754
24
1347
997
19
856
999
11509
22
972
22
851
1013
8889
60
896
22
981
874
227
14201
42
997
29
777
981
1145
45
831
27
974
882
52
5636
873
25
972
877
22
1106
924
49
880
950
38
1161
797
37
962
954
18
1153
876
38
1040
796
36
61
1135
995
14
1023
863
36
1336
976
17
887
870
35
1601
868
38
934
876
19
10774
25836
1102
60
900
876
60
930
1360
871
45
962
51
824
5140
877
41
992
47
826
1258
43
774
987
34
844
1144
45
959
863
998
44
4452
43
97
997
874
42
1197
892
44
968
878
42
1248
680
41
974
875
48
1071
994
41
871
468
46
75
681
12363
40770
100
318
46193
4599
20330
80045
1367
671
3731
515
211
312
471
153027
1832
63
441
2
0
79
1431
8026
-992745
12274
518
33467
957
222
147
105
14021
311
11074
125
207
4442
28156
90
212
4019
43
130
372
1
48
14
123
68
16898
9155
627
19684
6800
7221
1136
49
201
0
1229
983
25
844
767
26
604
0
1347
1021
25
971
500
21
1234
1001
23
836
871
21
2382
1
48
13826
15497
47972
520
46738
121
261
31997
34
15671
419
1014
3978
27613
55
20999
2020
54721
6371
364
1607
404
11291
34607
68
26
26
143
150
4428
378
66
197
20402
65
224
5294
44
116
16357
238
4252
1125
33
716
1002
873
26
4857
365
25
356
33
86
996
996
21
930
181
999
24
219
249
879
837
293
21
139
234
464
895
27
719
14936
50
5976
15392
10159
4953
192
1
105
1325
213
1
41
88
23
19586
452
14043
745
194
6929
75
265
24826
255
527
9584
248
1
66
7817
1
116
32
244
228
31410
16193
342
0
125
4247
15121
3997
15411
332
245
1375
501
1241
627
875
137
300
-586516
336658
240185
1427
713
1020
3795
192
112
370
642
880
-498016
492091
929
1020
1026
966
999
1001
989
143087
157
150
-966356
8504
90096
64
570739
93
47997
64
17900
62
-501916
93
43779
61
58588
230959
111
395
9
4
244
7
51895
233
1
223
752
869
56
1215
622
66
281
1
67
436
1107
400
9
5
46914
15000
36466
176389
891
0
75
406
48501
-645021
43910
181
62
311302
83
34153
623
280261
60
36
80
29
26
34
26
28
31
26
37
36
10543
-985175
19475
38
134
29
76
1
3242
0
28
5413
0
0
0
0
1
0
0
29
23
14
16
22
12
12169
43
176
48353
238
6767
1093
51
831
1
47
8021
51999
764
89708
27611
1002
73
6452
6282
48343
444
37
3078
2959
787
35500
11534
578
57
632
430
45
904
296
29
818
401
37
465
386
50
11764
40753
700
30091
12132
2986
448
67
307
372
71
328
389
57
526
507
59
157
136
59
48210
1322
1
68
88
32
237
111
56
2838
247
61
560
1
71
143
126
56
142495
-51288
46229
19971
137955
239
58
68299
78
4383
-845298
101
47
207078
67
48921
369231
43817
62
199
46939
105
-366465
1986
70
655
762
1
72
651
1
51
5585
60
310
20746
7017
11981
61
175
232
21
475
1
40
450
129
1
28
3816
91
79
1
39
2159
3832
1493
777
349
646
858
610
310
598
653
416
5159
13510
200
41
8053
170
58
221
2866
57
1183
10485
62
142
3900
24
81
24
349
86
1056
294
1
0
1
0
52
15
12
11
801
79
86
16935
220
25
105
0
23
102
247
15
1227
36
90
6
1
38
12
57
56
12020
1818
390
0
40
81
24
96
1
32
97
112
1
24
470
1
24
100
15
611
4524
362
127
0
35
976
1103
336
90
75
73
2807
648
349
44
204
27
440
66
71
1916
998
131
110
0
758
139
1
38
14336
391
87
6300
7194
7133
609
386
36
954
251
17
512
1
31
75
1
29
85
143
21
477
1
1
1
34
443
253
4016
1
0
1
0
88
12
8
5
6
324
89
80
80
1661
125
16
124
1
0
616
1
24
100
144
0
33
79
14
235
123
1
26
116
28
106
1
42
52
133
0
39
81
1
23
94
17
147
1
23
2413
8034
44
74
25
14
94
9742
17541
8245
221
272
0
0
1
0
0
1338
153
1
0
0
1
64
21
2283
360
25
221
1255
1
1
0
37
13
84
1
1
32
86
1
27
112
0
24
86
0
31
85
14
240
0
27
10009
223
0
1485
2530
2
45
7878
1
20
973
11659
2292
17282
580
35
207
19018
8601
2129
2531
348
23
228
364
18
10918
19719
13436
175
36
57578
398
403
414
285
859
43941
902
1
90
718
1795
2
0
108
229
1607
244
23
483
0
28
13409
2997
3024
36600
391
332
431
453
217
1281
1325
-997222
270
42394
365
1
45
87
0
34
45
29
99
0
3888
1243
0
1
0
0
87
19
8
365
122
881
20
368
3896
1
1
0
0
1
0
76
3368
406
4186
21036
10010
0
4691
445
242
29
229
1
129
21
12781
16990
883
445
604
408
528
77
417
397
974
398
262
427
41269
150
50
161
1176
2313
539
634
47
658
136
486
48
1828
127
120
2361
95
945
486
26
253
1
32
65
1062
778
284
689
447
9498
1996
9058
60
25
232
11548
338
1
41
86
241
27
482
870
45
610
4978
418
692
368
26
96
269
0
25
3715
123
15
232
524
29
199
1
34
584
126
26
606
37
947
126
18
740
503
0
26
130
23
13973
735
35
12628
6017
150
6
28
768
494
19
99
631
1
33
214
20
89
497
19
25382
17797
207
1
42
3040
527
1014
54
76
1
37
344
1
52
49
0
25
340
131
30
18282
2763
627
1654
544
950
832
641
451
277
12755
570
32
726
241
24
6740
1141
0
70
9006
4332
4717
838
33
471
374
1207
697
343
501
0
32
118
345
634
1
35
2331
134
34
332
495
0
27
104
1
0
1
35
105
0
42
88
1
30
121
8533
101
58
61
56
12710
14246
6880
2
66
3761
1124
0
31
335
16
118
1
1
38
61
141
1
28
6307
2
1
1
1
1
1
200
35
600
820
749
241
27
94
503
262
21
1212
17112
5999
8013
17025
7295
512
581
358
422
175
520
17599
26780
244
59
2794
154
29
217
495
31
98
119
501
24
232
3841
99
46
13882
2021
17799
595
56
182
1
46
51
35468
471
319
401
794
282
96
609
1609
3352
14724
63
111
4731
70
123
891
19006
60
105
1
49
16
290
3255
225
36
275
844
0
35
823
129
1
27
197
14
1383
119
20
17163
3458
514
53329
1411
510
82
357
99
45113
3737
68
23
367
373
20
241
115
494
145
20
1316
1319
2087
578
87
530
238
44800
3878
118
26
100
629
29
91
504
492
254
23
108
1
36
13748
4006
1000
72194
268
395
491
169
98
-953608
231
33
195
620
21
95
268
1
0
34
1271
329
242
245
482
146
19
92
22
6378
474
25
38620
116
35
3483
122
25
464
1
43
53609
244
499
499
153
82
46679
149
68
128
1
32
3222
344
111
34
118
34
454
739
1
39
83
0
36
53577
355
702
263
168
101
45835
97
24
980
1
34
1316
875
265
0
18483
56
896
107
53623
380
327
357
328
211
46959
475
73
3597
140
0
40
557
12195
957
14
1011
18
129416
160
21262
61
140
8242
1
2
1
0
94
9819
1752
135
225
26681
77
22663
30025
37812
765
43908
317
19064
1002
32413
48334
215
32
213
251
32
473
0
33
198
1265
1
0
1
0
41
-117307
131
424
10
4
287
8
45051
87
122
5202
60
1321
28
980
1158
19
563
1
25
240
651
170
3
3
75
49715
866
244
61762
85
41
147
553
-908553
374288
82451
390585
232
67
75
1
62
192
1
71
167
1
67
163
19730
11376
898
79
420
3
61
13428
212
1
50
1827
1
2
0
0
48
-898136
894
259
839
307
245
530
59
42348
715
875
1012
1751
978
251
23
349
385
0
37
2455
127
0
11991
3010
2438
401
402
399
273
1607
1424
17593
985
869
27
92
379
0
43
1224
22510
971
128
502
116
120
1851
315
197
625
562
952
14620
4400
133
353
2523
22372
715
15
1138
1487
732
267
2863
3385
7135
1988
4018
242
29
716
1996
11032
29
9781
12225
7004
28587
10628
33248
16844
33074
120052
15
36189
577
10266
9987
61
120
388
28
90
22199
73
418
4226
44
279
5572
343
31
208
1
1
28
13411
2956
29136
30195
305
463
180
382
4877
3447
33021
129
34
208
232
26
616
1
31
77
1
0
33
2098
55
76
1
1
41
64
16
515
0
1
1
0
0
1
0
1
0
53
20
1
0
0
1
0
30
593
758
494
23
3370
1
1
1
0
1
0
1
0
1
104
23
26
1
1
1
0
0
1
1
0
1
70
19
32
1
28
898
0
2
1
0
0
115
38
25
41
1
2
1
1
1
0
77
34
1
1
1
0
61
43
150
2
1
2
144
37
45
2
58
36
0
44
1461
41
90
1
52
70
2
53
197
1
1
39
32629
332
4649
1254
140
1964
6234
4050
849
8957
11021
0
8884
263
1
56
1181
44
341
1
52
54
140
1
52
61
40
90
1
43
75
779
0
2
1
0
1
0
77
34
1
0
1
38
53
20656
5994
16398
330
38
195
0
25
110
460
26
17
1
16
1346
114
32
123
2
29
440
377
33
4210
4251
18404
4010
598
4289
41538
47
4918
20039
-190778
107144
-829100
622110
93360
-654603
4081
35
152
13890
65
2806
173
2
85
120
1
62
29957
74
32
4260
1575
36
12123
336
40
221
1488
27
346
249
18
604
2669
56
46973
10
99
6
118
3
271
4
1297
88
912
6
46033
6651
197
113
255
117
36
103
246
1
31
85
0
135
0
44
315
264
1
1761
1789
12
13931
148
217
18
24007
1137
2
48
15180
51
1051
14916
1567
7
3588
8
79
4
198
4
174
8
1150
6
1435
1033
25893
17698
11164
2640
0
455
1728
19981
11206
18020
163
59
100
144
598
789
345
231
2431
65
247
81
18
157
226
5
148
128
133
77
4
879
6
900
5
785
4
12604
4366
10029
16160
9935
6628
369
127
1006
866
28
242
7
213
114
374
140
129
372
5
1581
7
170
5
1357
242
1000
391
4
110
21
1664
6
2979
5107
1417
6
38474
976
8438
442
3978
371
995
863
28
988
854
18
3902
103
248
1001
194
11
655
24
471
1134
56
6
930
22
350
134
1005
2
5
4375
2
47
190
996
233
5
646
1246
32
834
1002
21
603
21
1122
427
6
425
22
977
878
27
1219
873
21
127
106
131
45
102
17743
1260
49
849
965
36
830
2773
65
140
1159
9036
3367
68
404
7512
358
117
999
1003
31
833
255
30
482
983
28
17
721
38
247
1329
742
2427
2862
5583
0
522
26
734
346
2623
663
5119
17973
4075
918
782
5725
2582
8763
6195
1942
417
42039
48
8765
20048
-754223
58897
20548
2457
47569
19902
-115235
121
412
14
6
281
8
46142
4506
240
618
258
1989
57
732
608
57
301
1
66
499
87
1246
422
9
5
50817
626
25101
232
66
65
313
86069
652020
-955662
70
98273
27394
301623
748
390
328410
86
81227
9
-657376
754325
-604867
46556
51516
36107
10189
34596
102285
46282
2962
38
40132
8636
1996
35488
24247
11763
36732
3301
5796
5254
38672
8877
-882277
12563
33633
12306
221844
52182
50433
51415
271004
45935
10056
36600
-45585
46479
167420
-971272
433563
19057
25235
19233
7476
46540
67605
43467
4475
38374
45023
1236
287
82488
3071
23727
20435
242
60176
31981
8540
2030
8050
37
-985028
26617
229
10218
1
0
45373
27592
45665
341417
-427888
60671
4413
35090
40
8004
6883
11451
43736
2870
95
3406
14593
206480
52665
127910
30059
41016
52395
105096
-482971
88
217173
98185
264600
-937443
517129
47162
159472
45490
221
20722
-122307
-66293
