0
0
112
0
0
0
113
0
0
112
116
124
114
121
120
118
112
125
114
119
121
116
107
14
8
120
124
116
117
118
112
130
111
121
105
108
104
100
104
120
111
103
100
105
115
109
100
103
110
102
95
99
95
94
82
82
85
89
19
19
19
19
81
19
87
19
19
89
0
0
0
0
0
81
0
80
0
77
78
76
102
88
94
94
94
39
34
36
37
35
34
33
100
102
20
108
20
106
443
15
158
158
158
20
117
108
21
36
3
112
110
107
109
112
111
3
20
20
20
123
121
113
21
119
118
113
14
129
116
113
130
118
118
107
109
116
117
125
114
119
128
107
144
147
168
139
147
157
19
19
19
19
106
19
19
130
19
0
116
0
0
0
131
0
0
0
115
106
109
90
108
121
118
14
108
116
121
8
114
115
120
123
120
120
110
121
122
116
127
104
114
126
110
111
124
122
124
104
116
105
102
104
104
97
123
111
104
97
96
106
103
98
111
120
122
128
113
19
19
19
19
110
19
111
19
19
0
125
0
0
0
104
99
0
0
0
108
97
105
97
37
117
115
20
107
128
109
16
126
107
119
113
103
106
106
102
14
99
101
101
105
99
97
87
97
85
65
76
66
71
72
100
100
111
120
111
103
73
73
75
66
66
74
76
81
19
66
19
19
19
19
68
19
19
56
0
0
59
14
0
0
55
0
0
0
60
62
60
56
57
55
55
58
8
57
60
60
62
62
71
79
77
73
73
65
60
62
71
64
73
73
70
75
65
62
61
69
75
70
73
66
55
56
61
58
55
67
72
73
67
88
75
80
61
19
19
19
19
63
19
19
58
19
0
0
54
0
0
60
0
0
0
54
71
76
89
77
70
64
16
56
52
61
55
14
54
56
51
54
72
67
55
54
53
55
58
53
59
54
56
55
57
54
51
52
51
55
53
52
52
54
52
57
52
69
50
62
14
55
45
56
54
50
49
52
52
52
50
46
8
82
58
59
69
89
109
60
71
52
59
62
64
82
51
88
96
58
83
63
59
51
55
51
55
52
53
49
51
50
67
80
101
120
118
95
103
96
100
114
63
61
57
60
60
58
60
57
59
64
71
58
16
53
58
14
56
52
56
55
54
57
52
54
55
56
65
79
60
62
55
71
69
59
55
57
57
56
54
55
50
52
46
51
55
55
50
55
14
50
49
55
50
55
48
55
51
50
49
52
53
54
51
53
59
50
8
54
55
50
52
56
55
52
54
52
50
54
51
50
52
55
51
54
54
44
51
50
48
52
49
54
52
52
54
58
50
49
55
50
57
54
48
53
48
50
54
51
52
55
48
57
56
55
16
51
55
55
50
52
56
55
53
51
50
51
47
49
51
50
52
51
56
51
56
48
55
55
50
45
50
57
50
55
52
55
56
16
14
51
15
4
49
53
55
55
52
54
52
54
56
53
58
58
57
0
55
19
19
19
19
54
19
19
57
0
19
59
0
0
56
8
0
0
59
0
0
60
59
52
55
60
57
57
61
52
57
56
52
57
56
56
56
53
59
53
58
57
56
54
51
55
54
56
56
62
64
96
113
15
4
112
113
96
86
15
4
109
96
118
90
105
77
90
75
16
72
98
76
19
19
19
19
59
19
63
19
19
0
70
0
0
0
0
61
0
78
54
35
0
59
3
58
59
55
54
47
3
37
57
54
57
51
54
4
55
55
0
50
49
49
56
54
52
53
51
53
58
55
16
14
55
52
54
47
55
52
61
51
50
50
52
15
4
55
51
54
54
54
55
46
52
50
51
55
49
19
8
19
0
19
19
57
19
19
19
0
49
0
54
0
0
52
0
0
0
21
21
22
22
21
23
23
52
53
46
55
52
21
14
22
15
21
15
22
15
52
55
21
14
22
15
56
22
15
4
0
4
53
4
4
55
4
0
51
0
55
0
0
4
50
0
58
4
51
0
58
55
0
53
47
55
56
49
54
53
55
54
54
15
4
53
54
15
4
57
49
56
0
15
4
54
55
64
84
92
16
96
99
111
0
95
107
100
89
83
107
83
0
96
94
102
77
70
64
76
85
83
74
68
66
85
98
107
84
88
68
62
57
56
56
16
56
14
57
56
54
58
70
71
76
85
88
89
88
105
97
99
94
107
125
114
118
111
108
98
106
116
103
88
79
8
77
95
75
105
109
105
117
103
108
105
95
95
97
88
110
99
118
99
100
97
92
71
76
93
102
118
114
111
99
104
107
96
109
125
130
129
16
128
117
108
100
98
108
110
113
112
110
101
94
86
85
95
101
15
19
19
87
19
19
19
90
19
0
122
19
0
0
0
0
87
0
0
118
87
90
111
86
85
72
84
71
102
88
89
14
91
95
92
76
75
82
104
73
93
82
90
73
80
77
70
63
75
69
60
55
58
57
51
49
48
52
56
50
51
54
55
51
14
8
49
50
54
49
52
54
54
51
50
50
53
54
51
58
54
56
55
55
51
56
54
53
55
54
55
52
55
55
55
55
55
56
54
51
49
48
48
56
59
54
56
60
51
55
58
52
50
54
56
52
16
53
55
58
56
54
53
55
53
52
54
55
52
56
57
14
54
56
50
58
54
52
57
54
54
56
55
49
57
55
57
54
55
59
56
55
53
55
56
59
57
59
53
50
56
57
59
56
14
58
53
55
56
8
54
53
54
58
54
55
54
54
54
55
58
50
52
60
55
54
52
51
52
50
53
56
53
52
53
66
59
54
60
56
66
57
50
0
58
57
55
55
56
57
59
56
60
52
50
56
56
52
56
53
56
49
52
56
16
61
58
55
55
54
52
57
50
53
14
66
54
56
58
52
57
53
55
56
57
54
58
56
57
57
54
57
54
56
52
60
56
54
61
60
55
56
55
54
54
57
58
14
61
54
57
61
61
57
60
61
8
58
59
52
57
58
58
58
60
52
57
57
60
51
50
53
48
56
51
57
57
81
105
101
113
112
90
122
82
66
57
55
53
55
57
67
89
61
59
56
57
57
46
56
52
53
55
54
55
56
57
55
16
54
55
54
3
57
50
14
53
57
59
3
57
53
53
52
53
57
57
55
59
65
64
61
62
67
60
73
74
67
77
79
92
84
80
82
81
80
81
79
86
14
85
72
72
69
67
84
81
72
68
62
75
8
71
70
71
70
72
61
70
71
74
71
73
75
75
74
70
66
62
60
54
59
58
106
100
84
81
63
63
56
56
63
64
60
60
66
80
96
87
82
77
69
88
101
90
86
94
88
99
103
98
97
110
120
16
114
14
99
107
126
139
102
110
112
116
124
113
115
113
115
108
109
114
104
109
104
102
97
81
84
89
85
83
92
87
86
75
77
79
14
84
83
82
71
93
80
106
108
94
94
89
89
92
96
102
8
87
83
103
88
85
85
85
71
81
72
71
63
73
64
55
56
69
71
79
68
67
66
66
89
63
75
61
63
66
78
80
87
78
71
70
67
92
89
99
94
94
90
73
75
71
63
71
76
77
16
85
85
75
77
68
60
54
54
58
58
50
55
54
52
59
50
51
52
51
52
49
50
48
54
47
50
58
62
59
73
91
98
16
14
113
121
133
119
124
130
124
116
123
108
124
119
123
123
122
129
117
110
121
116
109
8
112
112
116
120
122
115
120
123
102
121
115
124
114
125
114
105
117
112
109
100
100
104
112
149
103
98
134
128
139
120
119
117
117
118
119
114
109
107
138
128
129
124
113
16
114
115
121
99
109
84
79
73
67
63
58
48
56
46
48
54
46
47
46
43
47
46
44
50
47
47
86
88
124
106
104
90
16
14
77
60
58
54
54
47
50
58
53
103
113
112
116
117
96
104
97
92
93
92
83
93
97
101
8
92
102
103
106
87
98
88
97
98
91
95
87
88
19
99
19
19
19
19
19
86
19
85
0
0
0
0
79
0
75
0
0
79
77
82
63
61
93
125
123
120
108
108
118
114
130
114
127
105
114
112
112
99
99
16
109
101
107
111
116
130
116
106
118
128
125
109
116
120
113
108
110
88
100
97
84
81
82
88
85
76
19
19
19
19
77
19
78
19
19
0
0
0
83
0
83
0
79
0
0
84
16
14
79
75
67
62
53
56
52
53
74
88
79
78
69
72
71
75
78
70
77
85
81
73
80
74
67
56
54
8
51
52
59
58
65
56
58
55
50
53
54
53
53
56
49
53
86
103
19
113
19
19
19
19
108
19
19
0
105
0
103
0
0
0
103
0
0
92
68
67
60
64
59
52
51
51
47
52
49
61
62
16
57
53
51
66
69
75
83
87
87
96
82
89
98
105
107
125
15
118
40
112
118
40
3
121
103
121
124
122
119
3
120
118
118
4
122
113
130
0
121
14
116
19
19
19
116
19
19
19
111
112
19
0
0
0
0
106
0
0
110
103
0
106
102
103
103
101
103
103
102
105
109
108
95
108
99
96
100
99
90
89
87
73
75
70
62
62
14
8
52
52
55
49
49
55
52
21
21
22
22
21
23
23
52
54
21
14
58
22
15
21
15
22
15
21
14
56
22
15
71
22
15
4
101
0
4
4
4
125
4
125
0
0
4
127
0
0
112
4
0
126
0
120
0
109
110
19
19
19
19
114
19
19
107
0
0
0
96
0
19
106
0
0
116
0
109
99
106
101
96
114
100
99
112
112
111
115
124
117
115
124
119
122
127
125
125
129
128
126
136
16
126
113
126
119
114
120
115
139
133
126
123
121
126
14
128
119
125
140
119
123
115
119
120
121
118
116
120
117
114
116
121
119
119
104
117
118
125
120
119
121
118
107
119
130
119
121
14
120
113
116
8
130
114
126
119
117
118
116
125
123
125
127
125
113
117
115
124
124
129
118
121
115
115
119
121
130
123
127
129
68
137
126
129
87
118
0
132
129
126
129
120
109
116
128
114
113
116
113
117
127
118
109
118
119
125
16
122
127
123
120
108
120
113
115
119
133
14
115
106
112
111
108
98
97
95
98
98
100
87
99
87
19
19
19
19
19
95
19
19
92
0
0
0
0
114
0
120
0
0
89
96
77
73
78
76
82
84
97
93
87
72
57
57
14
56
52
50
50
52
47
46
8
48
49
56
56
56
52
52
53
52
47
51
52
56
49
46
59
52
49
51
48
52
49
49
58
58
58
19
19
63
19
19
67
19
19
67
0
0
19
0
0
71
0
0
77
85
0
67
78
66
57
62
63
52
60
57
58
58
66
69
72
74
73
67
59
63
55
16
65
57
63
57
57
14
61
56
60
58
56
55
52
51
55
51
49
54
49
48
47
55
52
58
56
53
19
51
19
19
19
19
52
19
19
54
0
0
0
55
0
0
52
0
0
52
50
51
57
48
55
48
14
48
49
54
54
56
61
52
62
57
54
53
63
8
80
95
104
94
64
60
57
55
57
52
50
48
56
60
53
54
57
56
55
58
53
61
53
56
61
59
55
56
57
19
19
55
19
19
19
19
59
0
0
0
50
19
56
0
0
0
54
55
0
51
53
58
56
47
49
50
55
48
55
56
52
55
59
58
50
16
50
14
55
57
56
53
52
51
58
54
50
52
440
20
54
52
53
54
49
46
51
57
51
52
54
54
51
49
49
55
52
47
19
19
52
19
19
19
58
19
19
0
0
57
0
0
0
56
14
51
0
0
54
15
4
56
59
56
54
87
72
62
68
68
75
69
66
0
8
58
57
79
68
63
67
59
64
59
61
61
78
112
47
91
82
74
86
78
96
97
62
112
112
113
107
115
105
112
108
98
113
101
119
15
4
102
19
19
19
121
19
19
113
19
0
0
111
19
0
0
0
112
0
104
0
100
18
4
99
101
89
91
81
83
81
76
79
16
67
102
84
81
78
0
71
70
59
58
3
55
42
58
52
60
58
3
56
56
55
55
56
58
58
51
56
51
57
64
59
58
51
55
54
51
16
14
54
54
60
19
19
57
19
19
19
59
19
19
0
0
0
0
53
55
0
0
55
0
52
68
55
15
4
65
56
98
63
52
56
60
101
135
8
131
133
132
0
124
124
137
124
122
121
129
110
118
118
121
127
126
111
124
117
115
115
112
109
117
99
99
92
95
89
95
82
15
4
91
86
15
4
105
19
19
19
99
19
19
19
97
19
0
0
108
0
98
0
0
0
0
99
99
102
117
116
15
4
114
16
120
107
120
114
109
125
116
110
112
105
102
97
98
0
107
95
99
112
98
104
106
114
108
110
117
92
100
114
110
107
117
116
108
16
14
117
108
111
115
109
114
125
114
105
108
106
97
86
106
82
80
104
83
72
68
71
79
81
8
77
108
86
117
64
104
119
114
112
105
104
97
106
92
115
83
97
95
61
119
120
126
100
46
88
106
83
65
66
64
122
119
96
106
96
76
70
65
53
53
42
16
45
47
59
82
72
49
45
46
98
86
100
115
101
92
84
75
88
57
45
90
104
81
65
50
42
47
50
47
45
49
48
47
16
14
55
49
48
43
48
47
62
59
48
51
51
57
64
19
19
19
19
88
19
19
98
19
0
0
0
93
0
106
0
0
106
0
107
110
107
116
115
115
118
114
129
115
8
122
126
115
113
112
113
122
115
114
123
116
115
120
125
121
120
120
125
109
119
107
107
123
86
73
65
69
83
87
73
75
73
56
58
52
53
16
47
19
19
19
19
51
19
48
19
19
0
45
0
0
0
0
53
0
47
0
48
54
48
54
50
50
48
49
49
15
45
54
84
100
107
104
102
116
114
122
120
119
123
101
113
126
123
14
122
112
113
120
123
114
117
127
119
120
116
115
116
113
112
127
137
141
114
111
110
19
19
19
19
110
19
19
102
19
0
0
103
0
0
113
0
0
81
0
71
59
65
66
73
67
14
8
59
60
61
73
78
77
109
94
75
106
75
86
90
77
79
85
77
75
86
89
93
89
87
104
104
89
93
87
80
76
78
64
65
58
64
79
54
51
52
19
19
19
19
45
19
48
19
19
0
45
0
0
0
48
0
0
0
50
48
46
52
48
43
50
16
46
41
45
54
50
52
48
49
49
55
48
49
49
47
14
46
42
43
46
47
46
46
49
47
45
45
47
46
45
45
50
46
47
45
47
47
41
42
45
46
47
19
19
19
19
19
45
19
19
54
0
52
0
0
0
49
0
0
0
52
54
14
56
48
52
52
8
54
53
53
59
46
49
49
49
52
48
47
49
49
50
49
52
51
49
50
49
46
47
53
48
78
69
89
103
105
121
125
124
124
120
123
110
117
119
109
121
117
117
107
19
19
19
19
106
19
19
114
19
0
101
0
0
0
114
0
0
0
111
111
116
16
124
109
108
110
96
114
109
107
45
3
112
115
14
102
114
115
3
111
122
135
110
128
136
136
125
123
127
121
123
121
116
113
124
119
114
118
115
120
123
123
129
115
120
112
125
129
14
112
112
19
19
19
19
123
19
129
19
0
116
0
0
0
0
111
109
0
119
19
8
121
123
0
131
128
132
126
21
21
22
22
21
23
23
113
114
108
21
14
22
15
21
15
22
15
100
21
14
22
114
15
22
15
4
107
0
4
4
87
4
112
4
0
93
0
4
0
0
98
4
0
118
120
0
0
129
126
125
115
116
117
122
115
110
123
114
107
107
109
112
139
124
128
111
116
126
119
108
126
129
105
19
19
19
19
114
19
19
125
19
116
0
0
0
0
0
121
0
114
0
116
104
114
16
108
116
115
130
14
122
114
100
93
73
78
126
123
120
119
113
123
123
5
867
121
104
114
100
106
109
5
96
90
81
0
79
73
61
4
58
56
55
0
56
50
55
50
14
55
48
48
50
53
50
55
50
55
51
52
51
8
57
55
51
58
56
69
63
84
76
69
99
73
69
65
75
93
82
83
82
68
67
83
79
62
67
56
55
54
58
60
70
69
58
46
54
54
49
55
71
58
52
58
70
78
63
62
64
65
89
81
83
16
79
14
102
109
110
132
124
124
123
114
109
105
106
98
96
0
102
98
84
91
96
94
86
82
86
81
73
70
74
78
88
66
63
53
69
14
58
60
62
62
70
59
61
57
50
53
54
50
56
19
52
19
19
19
19
50
19
19
8
52
0
0
0
54
0
0
54
0
0
56
81
94
88
79
91
103
115
114
130
140
117
115
120
117
118
115
122
129
109
114
116
117
118
107
115
119
114
115
135
117
118
121
129
138
142
132
119
109
108
107
102
87
70
82
90
16
19
75
19
19
19
97
19
19
19
0
87
0
0
98
0
75
0
0
0
88
73
66
69
55
57
59
54
55
53
55
51
55
54
56
58
60
59
57
64
65
80
76
73
72
73
73
16
14
68
0
56
55
58
60
60
58
53
54
61
62
60
60
60
55
64
61
77
111
8
114
122
19
19
116
19
19
19
131
19
19
0
0
0
128
0
147
0
0
128
0
132
106
118
105
112
92
99
124
122
120
125
115
112
103
108
123
122
113
105
93
82
73
73
65
98
115
135
129
131
125
125
116
110
91
97
119
86
84
16
82
70
70
34
31
34
35
73
464
138
81
21
71
20
61
452
137
62
21
56
20
55
52
54
51
62
92
108
122
123
116
112
115
103
126
116
128
131
122
137
133
110
103
115
16
14
112
113
107
104
111
113
122
107
116
117
120
111
93
83
69
63
67
64
58
88
103
99
120
129
122
8
103
100
98
97
95
76
62
65
53
58
55
57
57
55
54
51
52
73
69
69
84
94
108
116
95
118
118
110
115
103
117
105
118
126
115
114
117
110
110
16
110
116
113
115
110
100
100
93
88
77
66
77
65
19
19
19
19
19
58
54
19
19
0
53
0
0
56
0
0
54
0
3
0
60
58
55
55
52
44
3
51
51
59
71
60
73
72
66
66
16
14
71
56
57
69
56
52
54
59
64
70
78
81
102
99
110
134
102
99
97
122
135
123
99
105
110
112
105
8
95
94
83
70
73
83
87
84
73
75
78
81
68
112
70
72
48
50
51
58
57
81
77
50
58
64
58
54
57
56
51
44
49
52
55
48
34
59
16
55
55
60
95
0
52
56
56
0
0
199
53
56
54
1460
0
1460
0
54
61
56
49
1460
0
875
0
60
326
57
60
68
59
0
458
1460
550
66
64
62
75
0
0
1141
0
96
71
78
84
91
87
86
81
74
85
84
16
14
109
75
98
76
87
72
72
84
99
72
70
75
95
68
64
58
58
57
55
58
57
57
66
70
69
60
57
57
47
51
58
8
56
54
52
58
54
52
57
51
52
56
58
54
52
55
54
